004832 <- 000191 (2.09205, 10)
003710 <- 001231 (2.09205, 10)
002880 <- 001231 (2.09205, 10)
002164 <- 001231 (2.09205, 10)
004821 <- 001819 000952 (2.09205, 10)
001545 <- 001231 (2.09205, 10)
003987 <- 001231 (2.09205, 10)
002478 <- 001231 (2.09205, 10)
002098 <- 001819 000952 (2.09205, 10)
003474 <- 000195 (2.09205, 10)
000165 <- 000195 (2.09205, 10)
000338 <- 000195 (2.09205, 10)
001341 <- 000195 (2.09205, 10)
000996 <- 000195 (2.09205, 10)
003196 <- 000195 (2.09205, 10)
001669 <- 001819 000952 (2.09205, 10)
000118 <- 001819 000952 (2.09205, 10)
000429 <- 001819 000952 (2.09205, 10)
001093 <- 000195 (2.09205, 10)
003473 <- 000195 (2.09205, 10)
000055 <- 001819 000952 (2.09205, 10)
004548 <- 000191 (2.09205, 10)
004181 <- 000191 (2.09205, 10)
002282 <- 001231 (2.09205, 10)
003782 <- 001231 (2.09205, 10)
002355 <- 000478 (3.34728, 12.5)
004651 <- 001231 (2.09205, 10)
000635 <- 001231 (2.09205, 10)
001881 <- 001231 (2.09205, 10)
004324 <- 001231 (2.09205, 10)
002370 <- 000736 (3.13808, 13.3333)
002679 <- 000736 (3.13808, 13.3333)
002888 <- 000736 (3.13808, 13.3333)
000212 <- 000191 (2.09205, 10)
001421 <- 001231 (2.09205, 10)
001421 <- 000191 (2.09205, 10)
000924 <- 000191 (2.09205, 10)
003897 <- 001231 (2.09205, 10)
000748 <- 000191 (2.09205, 10)
001091 <- 000191 (2.09205, 10)
001087 <- 000191 (2.09205, 10)
000553 <- 000191 (2.09205, 10)
000186 <- 000191 (2.09205, 10)
001177 <- 000191 (2.09205, 10)
004176 <- 000191 (2.09205, 10)
000638 <- 001231 (2.09205, 10)
002081 <- 000191 (2.09205, 10)
001707 <- 000191 (2.09205, 10)
000373 <- 000191 (2.09205, 10)
004525 <- 001231 (2.09205, 10)
004525 <- 000191 (2.09205, 10)
003578 <- 001819 000952 (2.09205, 10)
003589 <- 001819 000952 (2.09205, 10)
004035 <- 001819 000952 (2.09205, 10)
004046 <- 001819 000952 (2.09205, 10)
000458 <- 001819 000952 (2.09205, 10)
002831 <- 001819 000952 (2.09205, 10)
000871 <- 000191 (2.09205, 10)
000187 <- 000191 (2.09205, 10)
002750 <- 001819 000952 (2.09205, 10)
001033 <- 000191 (2.09205, 10)
004666 <- 001231 (2.09205, 10)
004666 <- 000191 (2.09205, 10)
000967 <- 001231 (2.09205, 10)
000967 <- 000191 (2.09205, 10)
000967 <- 000219 (3.76569, 11.1111)
004337 <- 001231 (2.09205, 10)
002461 <- 001231 (2.09205, 10)
004545 <- 001231 (2.09205, 10)
000159 <- 001819 000952 (2.09205, 10)
001387 <- 000195 (2.09205, 10)
001994 <- 000195 (2.09205, 10)
004191 <- 000195 (2.09205, 10)
003334 <- 000195 (2.09205, 10)
000884 <- 000195 (2.09205, 10)
000475 <- 000704 (3.9749, 10.5263)
004426 <- 001231 (2.09205, 10)
000220 <- 001231 (2.09205, 10)
000220 <- 000191 (2.09205, 10)
000220 <- 000462 (2.71967, 15.3846)
002952 <- 000191 (2.09205, 10)
000831 <- 000191 (2.09205, 10)
002324 <- 000191 (2.09205, 10)
002695 <- 000191 (2.09205, 10)
001336 <- 000191 (2.09205, 10)
001487 <- 001231 (2.09205, 10)
002329 <- 000191 (2.09205, 10)
000167 <- 000191 (2.09205, 10)
000787 <- 001819 000952 (2.09205, 10)
001129 <- 000191 (2.09205, 10)
001495 <- 001819 000952 (2.09205, 10)
001748 <- 000195 (2.09205, 10)
003235 <- 000191 (2.09205, 10)
000577 <- 000191 (2.09205, 10)
001131 <- 000191 (2.09205, 10)
001716 <- 000191 (2.09205, 10)
001716 <- 000195 (2.09205, 10)
001716 <- 001819 000952 (2.09205, 10)
001315 <- 000191 (2.09205, 10)
001315 <- 000195 (2.09205, 10)
001315 <- 001819 000952 (2.09205, 10)
000124 <- 000191 (2.09205, 10)
000124 <- 000195 (2.09205, 10)
000124 <- 001819 000952 (2.09205, 10)
004599 <- 000191 (2.09205, 10)
004599 <- 000195 (2.09205, 10)
004599 <- 001819 000952 (2.09205, 10)
000053 <- 000191 (2.09205, 10)
000053 <- 000195 (2.09205, 10)
000053 <- 001819 000952 (2.09205, 10)
001399 <- 001231 (2.09205, 10)
000262 <- 001231 (2.09205, 10)
001077 <- 000702 (3.55649, 23.5294)
002463 <- 000195 (2.09205, 10)
004621 <- 001231 (2.09205, 10)
001383 <- 000195 (2.09205, 10)
003193 <- 001231 (2.09205, 10)
001987 <- 000195 (2.09205, 20)
001713 <- 000195 (2.09205, 20)
000231 <- 001819 000952 (2.09205, 10)
000224 <- 000195 (2.09205, 20)
001684 <- 000195 (2.09205, 20)
003999 <- 000195 (2.09205, 20)
000209 <- 000195 (2.09205, 20)
002235 <- 000191 (2.09205, 10)
000926 <- 000191 (2.09205, 10)
000926 <- 000195 (2.09205, 10)
000926 <- 001819 000952 (2.09205, 10)
000499 <- 000191 (2.09205, 10)
000499 <- 001819 000952 (2.09205, 10)
001799 <- 000195 (2.09205, 10)
000344 <- 000195 (2.09205, 10)
002954 <- 000195 (2.09205, 10)
004707 <- 000195 (2.09205, 10)
001340 <- 000195 (2.09205, 10)
000676 <- 000195 (2.09205, 10)
002097 <- 000195 (2.09205, 10)
000954 <- 000191 (2.09205, 10)
000954 <- 000195 (2.09205, 20)
000954 <- 001819 000952 (2.09205, 10)
002920 <- 000195 (2.09205, 10)
000766 <- 000195 (2.09205, 10)
002647 <- 001231 (2.09205, 10)
000976 <- 000195 (2.09205, 10)
002065 <- 000195 (2.09205, 10)
002075 <- 000195 (2.09205, 10)
002130 <- 000195 (2.09205, 10)
003213 <- 000195 (2.09205, 10)
000221 <- 000195 (2.09205, 10)
002335 <- 000191 (2.09205, 10)
002335 <- 000195 (2.09205, 10)
002335 <- 001819 000952 (2.09205, 10)
000348 <- 000191 (2.09205, 10)
000316 <- 001231 (2.09205, 10)
000724 <- 000191 (2.09205, 10)
000724 <- 000195 (2.09205, 10)
000724 <- 001819 000952 (2.09205, 10)
000156 <- 000195 (2.09205, 10)
000538 <- 000431 (2.51046, 16.6667)
000538 <- 000533 (2.92887, 21.4286)
000581 <- 000195 (2.09205, 10)
001690 <- 000191 (2.09205, 10)
001507 <- 000195 (2.09205, 10)
001249 <- 000195 (2.09205, 10)
000131 <- 000195 (2.09205, 10)
000870 <- 000195 (2.09205, 10)
000786 <- 000195 (2.09205, 10)
002498 <- 000704 (3.9749, 10.5263)
004099 <- 001231 (2.09205, 10)
003377 <- 000191 (2.09205, 10)
001168 <- 000195 (2.09205, 10)
001328 <- 001231 (2.09205, 10)
001328 <- 000195 (2.09205, 10)
001328 <- 001819 000952 (2.09205, 10)
001330 <- 001231 (2.09205, 10)
001330 <- 000195 (2.09205, 10)
001330 <- 001819 000952 (2.09205, 10)
002707 <- 001231 (2.09205, 10)
002707 <- 000195 (2.09205, 10)
002707 <- 001819 000952 (2.09205, 10)
001175 <- 001231 (2.09205, 10)
001175 <- 000195 (2.09205, 10)
001175 <- 001819 000952 (2.09205, 10)
001153 <- 001231 (2.09205, 10)
001153 <- 000195 (2.09205, 10)
001153 <- 001819 000952 (2.09205, 10)
003373 <- 001231 (2.09205, 10)
003373 <- 000195 (2.09205, 10)
003373 <- 001819 000952 (2.09205, 10)
003157 <- 001231 (2.09205, 10)
003157 <- 000195 (2.09205, 10)
003157 <- 001819 000952 (2.09205, 10)
002480 <- 001231 (2.09205, 10)
002480 <- 000195 (2.09205, 10)
002480 <- 001819 000952 (2.09205, 10)
002550 <- 000195 (2.09205, 20)
003283 <- 001231 (2.09205, 10)
003283 <- 000195 (2.09205, 10)
003283 <- 001819 000952 (2.09205, 10)
002086 <- 001231 (2.09205, 10)
002086 <- 000195 (2.09205, 10)
002086 <- 001819 000952 (2.09205, 10)
002907 <- 001231 (2.09205, 10)
002907 <- 000195 (2.09205, 10)
002907 <- 001819 000952 (2.09205, 10)
000793 <- 000195 (2.09205, 20)
000574 <- 000195 (2.09205, 10)
000574 <- 000463 (2.51046, 16.6667)
001331 <- 000195 (2.09205, 10)
001521 <- 000736 (3.13808, 13.3333)
001521 <- 000191 (2.09205, 10)
004135 <- 000195 (2.09205, 20)
004823 <- 001231 (2.09205, 10)
004823 <- 000195 (2.09205, 10)
004823 <- 001819 000952 (2.09205, 10)
000184 <- 000536 (2.51046, 16.6667)
000184 <- 000463 (2.51046, 16.6667)
003385 <- 001231 (2.09205, 10)
003385 <- 000195 (2.09205, 10)
003385 <- 001819 000952 (2.09205, 10)
000202 <- 000191 (2.09205, 10)
000202 <- 000195 (2.09205, 10)
000202 <- 000463 (2.51046, 16.6667)
001273 <- 000191 (2.09205, 10)
002883 <- 000191 (2.09205, 10)
000900 <- 000191 (2.09205, 10)
001647 <- 000191 (2.09205, 10)
000382 <- 000191 (2.09205, 10)
002168 <- 000191 (2.09205, 10)
002340 <- 000191 (2.09205, 10)
000688 <- 000191 (2.09205, 10)
001378 <- 000191 (2.09205, 10)
000060 <- 000462 (2.71967, 15.3846)
001059 <- 001231 (2.09205, 10)
003827 <- 000219 (3.76569, 11.1111)
002459 <- 000191 (2.09205, 20)
002459 <- 000219 (3.76569, 11.1111)
004564 <- 000191 (2.09205, 10)
000056 <- 000704 (3.9749, 10.5263)
000551 <- 000930 (3.13808, 13.3333)
000551 <- 000191 (2.09205, 10)
000551 <- 001819 000952 (2.09205, 10)
000509 <- 000191 (2.09205, 10)
001291 <- 000191 (2.09205, 10)
000299 <- 000166 (3.13808, 13.3333)
001907 <- 001231 (2.09205, 10)
001907 <- 000195 (2.09205, 10)
001907 <- 001819 000952 (2.09205, 10)
000706 <- 000191 (2.09205, 10)
004245 <- 001231 (2.09205, 10)
004245 <- 000195 (2.09205, 10)
004245 <- 001819 000952 (2.09205, 10)
000337 <- 000191 (2.09205, 10)
001759 <- 000191 (2.09205, 10)
001759 <- 000704 (3.9749, 10.5263)
001759 <- 000219 (3.76569, 11.1111)
003538 <- 000195 (2.09205, 10)
000295 <- 000195 (2.09205, 10)
001551 <- 000166 (3.13808, 13.3333)
000125 <- 000736 (3.13808, 13.3333)
000125 <- 000191 (2.09205, 10)
000125 <- 000195 (2.09205, 10)
000125 <- 001819 000952 (2.09205, 10)
000604 <- 000195 (2.09205, 10)
003718 <- 000195 (2.09205, 10)
001962 <- 000191 (2.09205, 10)
000228 <- 001231 (2.09205, 10)
000228 <- 001819 000952 (2.09205, 10)
000228 <- 001819 (3.76569, 11.1111)
000780 <- 000462 (2.71967, 15.3846)
001558 <- 000191 (2.09205, 10)
001558 <- 000195 (2.09205, 20)
001494 <- 000191 (2.09205, 10)
001494 <- 000195 (2.09205, 10)
001494 <- 001819 000952 (2.09205, 10)
001494 <- 000219 (3.76569, 11.1111)
000227 <- 000191 (2.09205, 10)
000227 <- 000536 (2.51046, 16.6667)
000227 <- 000195 (2.09205, 10)
000227 <- 001819 000952 (2.09205, 10)
000227 <- 001819 (3.76569, 11.1111)
000227 <- 000219 (3.76569, 11.1111)
000701 <- 000702 (3.55649, 47.0588)
000702 <- 000701 (6.69456, 25)
004547 <- 000478 (3.34728, 12.5)
004547 <- 001231 (2.09205, 10)
004547 <- 000195 (2.09205, 10)
004547 <- 001819 000952 (2.09205, 10)
000425 <- 000191 (2.09205, 10)
000425 <- 000704 (3.9749, 10.5263)
001446 <- 000704 (3.9749, 10.5263)
003702 <- 000536 (2.51046, 16.6667)
003702 <- 000195 (2.09205, 10)
003902 <- 001231 (2.09205, 10)
003902 <- 000195 (2.09205, 10)
003902 <- 001819 000952 (2.09205, 10)
000537 <- 000736 (3.13808, 13.3333)
000474 <- 000736 (3.13808, 13.3333)
000736 <- 000195 (2.09205, 10)
000781 <- 000431 (2.51046, 25)
000781 <- 000474 (5.23013, 12)
000781 <- 000533 (2.92887, 28.5714)
001650 <- 000191 (2.09205, 10)
001546 <- 000195 (2.09205, 10)
001546 <- 000704 (3.9749, 10.5263)
001546 <- 000219 (3.76569, 11.1111)
001435 <- 000191 (2.09205, 10)
000573 <- 000191 (2.09205, 10)
000573 <- 001819 000952 (2.09205, 10)
000050 <- 000191 (2.09205, 10)
000682 <- 000191 (2.09205, 10)
000730 <- 000930 (3.13808, 13.3333)
000730 <- 000191 (2.09205, 10)
000730 <- 000195 (2.09205, 10)
000730 <- 001819 000952 (2.09205, 10)
004234 <- 001231 (2.09205, 10)
004234 <- 000195 (2.09205, 10)
004234 <- 001819 000952 (2.09205, 10)
004322 <- 001819 000952 (2.09205, 10)
001217 <- 001819 000952 (2.09205, 10)
000700 <- 001819 000952 (2.09205, 10)
001557 <- 000191 (2.09205, 10)
001557 <- 000195 (2.09205, 10)
001557 <- 001819 000952 (2.09205, 20)
001557 <- 001819 (3.76569, 11.1111)
004096 <- 000191 (2.09205, 10)
002426 <- 001819 000952 (2.09205, 10)
003176 <- 001819 000952 (2.09205, 10)
002212 <- 001819 000952 (2.09205, 10)
001916 <- 001819 000952 (2.09205, 10)
001086 <- 001819 000952 (2.09205, 10)
001887 <- 001819 000952 (2.09205, 10)
002926 <- 001819 000952 (2.09205, 10)
001461 <- 001819 000952 (2.09205, 10)
003184 <- 001819 000952 (2.09205, 10)
004828 <- 001819 000952 (2.09205, 10)
003424 <- 001819 000952 (2.09205, 10)
000716 <- 001819 000952 (2.09205, 10)
004295 <- 001819 000952 (2.09205, 10)
003748 <- 001819 000952 (2.09205, 10)
001939 <- 001819 000952 (2.09205, 10)
001392 <- 001819 000952 (2.09205, 10)
003588 <- 001819 000952 (2.09205, 10)
003567 <- 001819 000952 (2.09205, 10)
003451 <- 001819 000952 (2.09205, 10)
001734 <- 001819 000952 (2.09205, 10)
000685 <- 000191 (2.09205, 10)
000685 <- 000462 (2.71967, 15.3846)
000095 <- 001819 000952 (2.09205, 10)
001530 <- 001819 000952 (2.09205, 10)
001880 <- 001819 000952 (2.09205, 10)
000714 <- 001231 (2.09205, 20)
000714 <- 000191 (2.09205, 10)
000714 <- 000195 (2.09205, 10)
000714 <- 001819 000952 (2.09205, 10)
000714 <- 001819 (3.76569, 11.1111)
002084 <- 000536 (2.51046, 16.6667)
002354 <- 000191 (2.09205, 10)
002354 <- 000195 (2.09205, 10)
002354 <- 001819 000952 (2.09205, 10)
002354 <- 000704 (3.9749, 10.5263)
002354 <- 000219 (3.76569, 11.1111)
001108 <- 000463 (2.51046, 16.6667)
001108 <- 000704 (3.9749, 10.5263)
003292 <- 001231 (2.09205, 10)
003292 <- 000462 (2.71967, 15.3846)
003292 <- 000195 (2.09205, 10)
003292 <- 001819 000952 (2.09205, 10)
000668 <- 001819 000952 (2.09205, 10)
001818 <- 001819 000952 (2.09205, 10)
003208 <- 001819 000952 (2.09205, 10)
003880 <- 001231 (2.09205, 10)
003880 <- 001819 000952 (2.09205, 10)
002919 <- 000195 (2.09205, 30)
004420 <- 001231 (2.09205, 20)
004420 <- 000191 (2.09205, 10)
004420 <- 000195 (2.09205, 10)
004420 <- 001819 000952 (2.09205, 10)
004420 <- 001819 (3.76569, 11.1111)
000400 <- 000536 (2.51046, 16.6667)
000400 <- 000533 (2.92887, 14.2857)
000400 <- 000463 (2.51046, 16.6667)
001753 <- 001819 000952 (2.09205, 10)
000226 <- 000191 (2.09205, 10)
000226 <- 000195 (2.09205, 10)
000226 <- 000166 (3.13808, 13.3333)
000537 <- 001231 (2.09205, 10)
000537 <- 000195 (2.09205, 10)
000537 <- 001819 000952 (2.09205, 10)
000537 <- 001819 (3.76569, 11.1111)
000537 <- 000704 (3.9749, 15.7895)
000183 <- 000463 (2.51046, 16.6667)
000183 <- 000704 (3.9749, 15.7895)
001097 <- 000191 (2.09205, 10)
001097 <- 000166 (3.13808, 13.3333)
001097 <- 000704 (3.9749, 10.5263)
001097 <- 000219 (3.76569, 11.1111)
000336 <- 000195 (2.09205, 20)
000713 <- 000463 (2.51046, 16.6667)
001553 <- 001819 000952 (2.09205, 10)
002258 <- 000191 (2.09205, 20)
002258 <- 000195 (2.09205, 10)
002258 <- 001819 000952 (2.09205, 10)
002258 <- 000219 (3.76569, 11.1111)
001708 <- 000533 (2.92887, 14.2857)
001708 <- 000463 (2.51046, 16.6667)
003461 <- 000931 (3.13808, 13.3333)
003510 <- 000533 (2.92887, 14.2857)
003510 <- 001819 000952 (2.09205, 10)
000630 <- 001819 000952 (2.09205, 10)
002183 <- 001819 000952 (2.09205, 10)
003977 <- 001231 (2.09205, 10)
003977 <- 000195 (2.09205, 10)
003977 <- 001819 000952 (2.09205, 10)
000103 <- 000463 (2.51046, 16.6667)
000283 <- 001819 000952 (2.09205, 10)
000556 <- 000195 (2.09205, 10)
000556 <- 000463 (2.51046, 16.6667)
001073 <- 001977 (2.71967, 69.2308)
001977 <- 001073 (2.92887, 64.2857)
000928 <- 001977 (2.71967, 15.3846)
001977 <- 000191 (2.09205, 10)
001977 <- 000195 (2.09205, 10)
000931 <- 001977 (2.71967, 23.0769)
001977 <- 000931 (3.13808, 20)
001977 <- 001819 000952 (2.09205, 10)
000703 <- 001231 (2.09205, 10)
000464 <- 000191 (2.09205, 10)
000464 <- 000195 (2.09205, 30)
000464 <- 001819 000952 (2.09205, 10)
000464 <- 000219 (3.76569, 11.1111)
001305 <- 001231 (2.09205, 10)
001305 <- 000191 (2.09205, 10)
001305 <- 001819 000952 (2.09205, 10)
001305 <- 000219 (3.76569, 11.1111)
000707 <- 001819 000952 (2.09205, 10)
000707 <- 000704 (3.9749, 10.5263)
000756 <- 001231 (2.09205, 10)
000756 <- 000195 (2.09205, 10)
000756 <- 001819 000952 (2.09205, 20)
000756 <- 001819 (3.76569, 11.1111)
000386 <- 000191 (2.09205, 10)
000386 <- 001819 000952 (2.09205, 10)
000620 <- 000195 (2.09205, 10)
000620 <- 000166 (3.13808, 13.3333)
004229 <- 001073 (2.92887, 14.2857)
004229 <- 000478 (3.34728, 12.5)
004229 <- 001231 (2.09205, 20)
004229 <- 000191 (2.09205, 10)
004229 <- 000462 (2.71967, 15.3846)
004229 <- 000195 (2.09205, 10)
004229 <- 001819 000952 (2.09205, 10)
004229 <- 000219 (3.76569, 11.1111)
002472 <- 000195 (2.09205, 20)
002472 <- 000931 (3.13808, 13.3333)
000711 <- 000478 (3.34728, 12.5)
000711 <- 001231 (2.09205, 20)
000711 <- 000191 (2.09205, 10)
000711 <- 000195 (2.09205, 10)
000711 <- 001819 000952 (2.09205, 10)
000711 <- 001819 (3.76569, 11.1111)
001103 <- 001231 (2.09205, 10)
001103 <- 000930 (3.13808, 13.3333)
001103 <- 000191 (2.09205, 20)
001103 <- 000704 (3.9749, 10.5263)
001103 <- 000219 (3.76569, 16.6667)
001016 <- 000195 (2.09205, 10)
000114 <- 000191 (2.09205, 10)
000114 <- 000166 (3.13808, 13.3333)
000478 <- 001073 (2.92887, 14.2857)
001073 <- 000478 (3.34728, 12.5)
001073 <- 001231 (2.09205, 10)
000928 <- 001073 (2.92887, 14.2857)
001073 <- 000191 (2.09205, 10)
000931 <- 001073 (2.92887, 21.4286)
001073 <- 000931 (3.13808, 20)
004091 <- 000195 (2.09205, 20)
001564 <- 001819 000952 (2.09205, 10)
000616 <- 000536 (2.51046, 16.6667)
002959 <- 001231 (2.09205, 10)
002959 <- 001819 000952 (2.09205, 10)
002959 <- 001819 (3.76569, 11.1111)
000387 <- 000195 (2.09205, 10)
000387 <- 000166 (3.13808, 13.3333)
001335 <- 000195 (2.09205, 10)
000718 <- 001819 000952 (2.09205, 10)
001203 <- 000536 (2.51046, 16.6667)
001203 <- 000195 (2.09205, 10)
001683 <- 000195 (2.09205, 30)
001683 <- 000166 (3.13808, 13.3333)
001683 <- 000861 (4.60251, 13.6364)
001299 <- 000191 (2.09205, 10)
001299 <- 000195 (2.09205, 10)
001299 <- 000166 (3.13808, 13.3333)
000314 <- 000191 (2.09205, 10)
000314 <- 001819 000952 (2.09205, 10)
000314 <- 000219 (3.76569, 11.1111)
001540 <- 001231 (2.09205, 10)
000214 <- 000191 (2.09205, 10)
000214 <- 000195 (2.09205, 10)
000478 <- 001231 (2.09205, 10)
000478 <- 000195 (2.09205, 10)
000478 <- 001819 000952 (2.09205, 10)
000426 <- 000191 (2.09205, 20)
000426 <- 001819 000952 (2.09205, 20)
000426 <- 001819 (3.76569, 11.1111)
000426 <- 000219 (3.76569, 16.6667)
000426 <- 000861 (4.60251, 13.6364)
000960 <- 001231 (2.09205, 10)
000960 <- 000195 (2.09205, 10)
000960 <- 001819 000952 (2.09205, 10)
000960 <- 000704 (3.9749, 10.5263)
001158 <- 001231 (2.09205, 10)
001158 <- 000191 (2.09205, 10)
001158 <- 000195 (2.09205, 10)
001158 <- 001819 000952 (2.09205, 10)
001158 <- 000704 (3.9749, 15.7895)
001158 <- 000219 (3.76569, 11.1111)
000721 <- 001819 000952 (2.09205, 10)
000721 <- 000219 (3.76569, 11.1111)
002858 <- 001231 (2.09205, 10)
002858 <- 000191 (2.09205, 10)
002858 <- 000195 (2.09205, 10)
002858 <- 001819 000952 (2.09205, 10)
002858 <- 000704 (3.9749, 10.5263)
002858 <- 000219 (3.76569, 11.1111)
000782 <- 000191 (2.09205, 10)
000782 <- 000166 (3.13808, 13.3333)
000782 <- 000704 (3.9749, 10.5263)
000782 <- 000219 (3.76569, 11.1111)
004002 <- 000191 (2.09205, 10)
004002 <- 000195 (2.09205, 10)
004002 <- 001819 000952 (2.09205, 10)
003326 <- 000195 (2.09205, 20)
002069 <- 000195 (2.09205, 20)
000466 <- 000191 (2.09205, 10)
000466 <- 001819 000952 (2.09205, 10)
000466 <- 000463 (2.51046, 16.6667)
000466 <- 000704 (3.9749, 10.5263)
003386 <- 001819 000952 (2.09205, 20)
003386 <- 001819 (3.76569, 11.1111)
000181 <- 000536 (2.51046, 16.6667)
000181 <- 000195 (2.09205, 10)
000181 <- 000463 (2.51046, 16.6667)
000181 <- 000704 (3.9749, 10.5263)
001429 <- 000536 (2.51046, 16.6667)
001429 <- 000195 (2.09205, 10)
002309 <- 001231 (2.09205, 10)
002309 <- 000191 (2.09205, 10)
002309 <- 000195 (2.09205, 10)
002309 <- 000166 (3.13808, 20)
000424 <- 000191 (2.09205, 20)
000424 <- 000195 (2.09205, 30)
000424 <- 001819 000952 (2.09205, 10)
000424 <- 000166 (3.13808, 13.3333)
000350 <- 000195 (2.09205, 10)
003515 <- 001819 000952 (2.09205, 10)
003515 <- 000219 (3.76569, 11.1111)
002509 <- 000191 (2.09205, 10)
002509 <- 000195 (2.09205, 10)
002509 <- 000704 (3.9749, 10.5263)
003204 <- 000195 (2.09205, 10)
003204 <- 001819 000952 (2.09205, 10)
000204 <- 001231 (2.09205, 10)
004479 <- 001231 (2.09205, 10)
000431 <- 001231 (2.09205, 10)
001111 <- 001231 (2.09205, 10)
000637 <- 001231 (2.09205, 10)
001475 <- 001231 (2.09205, 10)
000701 <- 001231 (2.09205, 20)
000191 <- 001231 (2.09205, 10)
001231 <- 000191 (2.09205, 10)
000474 <- 001231 (2.09205, 10)
000462 <- 001231 (2.09205, 20)
001231 <- 000462 (2.71967, 15.3846)
000533 <- 001231 (2.09205, 10)
000195 <- 001231 (2.09205, 10)
001231 <- 000195 (2.09205, 10)
000931 <- 001231 (2.09205, 10)
001231 <- 001819 000952 (2.09205, 10)
001819 <- 001231 (2.09205, 20)
001231 <- 001819 (3.76569, 11.1111)
000166 <- 001231 (2.09205, 10)
000704 <- 001231 (2.09205, 10)
000219 <- 001231 (2.09205, 20)
001231 <- 000219 (3.76569, 11.1111)
000952 <- 001231 (2.09205, 10)
000861 <- 001231 (2.09205, 10)
000204 <- 000191 (2.09205, 10)
000204 <- 000195 (2.09205, 10)
000204 <- 001819 000952 (2.09205, 10)
000204 <- 000704 (3.9749, 10.5263)
000204 <- 000219 (3.76569, 11.1111)
000641 <- 000195 (2.09205, 20)
000928 <- 000930 (3.13808, 26.6667)
000930 <- 000928 (6.06695, 13.7931)
000191 <- 000930 (3.13808, 13.3333)
000930 <- 000191 (2.09205, 20)
000930 <- 000195 (2.09205, 10)
000930 <- 001819 000952 (2.09205, 10)
000463 <- 000930 (3.13808, 13.3333)
000930 <- 000463 (2.51046, 16.6667)
000704 <- 000930 (3.13808, 20)
000930 <- 000704 (3.9749, 15.7895)
000219 <- 000930 (3.13808, 26.6667)
000930 <- 000219 (3.76569, 22.2222)
002392 <- 000191 (2.09205, 10)
002392 <- 000462 (2.71967, 15.3846)
002392 <- 000195 (2.09205, 20)
002392 <- 000166 (3.13808, 13.3333)
003408 <- 000195 (2.09205, 10)
003408 <- 001819 000952 (2.09205, 10)
004479 <- 000195 (2.09205, 10)
004479 <- 000931 (3.13808, 13.3333)
004479 <- 001819 000952 (2.09205, 10)
004479 <- 001819 (3.76569, 11.1111)
004479 <- 000861 (4.60251, 13.6364)
000717 <- 000191 (2.09205, 10)
000717 <- 001819 000952 (2.09205, 10)
000717 <- 000219 (3.76569, 11.1111)
000639 <- 000195 (2.09205, 10)
000639 <- 000931 (3.13808, 13.3333)
004174 <- 000191 (2.09205, 10)
004174 <- 001819 000952 (2.09205, 10)
004174 <- 000219 (3.76569, 11.1111)
001490 <- 000191 (2.09205, 10)
001490 <- 000704 (3.9749, 10.5263)
001490 <- 000219 (3.76569, 11.1111)
000474 <- 000431 (2.51046, 33.3333)
000431 <- 000474 (5.23013, 16)
000533 <- 000431 (2.51046, 50)
000431 <- 000533 (2.92887, 42.8571)
000431 <- 001819 000952 (2.09205, 10)
001386 <- 000536 (2.51046, 16.6667)
001386 <- 000195 (2.09205, 20)
000451 <- 000191 (2.09205, 10)
000451 <- 001819 000952 (2.09205, 10)
000451 <- 000219 (3.76569, 11.1111)
000664 <- 000195 (2.09205, 10)
000664 <- 001819 000952 (2.09205, 10)
000664 <- 000219 (3.76569, 11.1111)
000294 <- 000195 (2.09205, 10)
000294 <- 000931 (3.13808, 13.3333)
000294 <- 001819 000952 (2.09205, 10)
000179 <- 000191 (2.09205, 30)
000179 <- 000462 (2.71967, 15.3846)
000179 <- 000195 (2.09205, 10)
000179 <- 001819 000952 (2.09205, 10)
000179 <- 000166 (3.13808, 13.3333)
000179 <- 000219 (3.76569, 11.1111)
001687 <- 001819 000952 (2.09205, 10)
001687 <- 000463 (2.51046, 16.6667)
001687 <- 000952 (4.81172, 13.0435)
000066 <- 000533 (2.92887, 14.2857)
000066 <- 001819 000952 (2.09205, 10)
000066 <- 001819 (3.76569, 11.1111)
000297 <- 001819 000952 (2.09205, 10)
001111 <- 000191 (2.09205, 20)
001111 <- 000195 (2.09205, 10)
001111 <- 001819 000952 (2.09205, 30)
001111 <- 001819 (3.76569, 16.6667)
001111 <- 000219 (3.76569, 11.1111)
001111 <- 000952 (4.81172, 17.3913)
000207 <- 000191 (2.09205, 10)
000207 <- 000462 (2.71967, 15.3846)
000207 <- 000195 (2.09205, 10)
000207 <- 000931 (3.13808, 20)
000207 <- 000166 (3.13808, 13.3333)
000207 <- 000463 (2.51046, 16.6667)
000500 <- 000533 (2.92887, 14.2857)
000500 <- 000463 (2.51046, 33.3333)
000370 <- 000191 (2.09205, 10)
000370 <- 000195 (2.09205, 20)
000370 <- 000931 (3.13808, 13.3333)
000370 <- 001819 000952 (2.09205, 10)
000370 <- 000704 (3.9749, 10.5263)
000637 <- 000195 (2.09205, 10)
000158 <- 000536 (2.51046, 16.6667)
000158 <- 000195 (2.09205, 30)
000158 <- 000166 (3.13808, 13.3333)
000158 <- 000463 (2.51046, 16.6667)
000158 <- 000861 (4.60251, 13.6364)
001475 <- 000195 (2.09205, 10)
001475 <- 000931 (3.13808, 13.3333)
001475 <- 001819 000952 (2.09205, 10)
001475 <- 000704 (3.9749, 10.5263)
001475 <- 000219 (3.76569, 11.1111)
000291 <- 000191 (2.09205, 10)
000291 <- 000462 (2.71967, 15.3846)
000291 <- 000195 (2.09205, 10)
000291 <- 000931 (3.13808, 13.3333)
000291 <- 001819 000952 (2.09205, 10)
000291 <- 000219 (3.76569, 16.6667)
000291 <- 000861 (4.60251, 13.6364)
001137 <- 000191 (2.09205, 20)
001137 <- 000195 (2.09205, 10)
001137 <- 000166 (3.13808, 20)
001137 <- 000463 (2.51046, 16.6667)
001137 <- 000861 (4.60251, 13.6364)
001952 <- 000191 (2.09205, 10)
001952 <- 001819 000952 (2.09205, 10)
001952 <- 000952 (4.81172, 13.0435)
000701 <- 000928 (6.06695, 10.3448)
000701 <- 000474 (5.23013, 12)
000701 <- 000195 (2.09205, 20)
000701 <- 000931 (3.13808, 13.3333)
000701 <- 001819 000952 (2.09205, 20)
000701 <- 001819 (3.76569, 16.6667)
000701 <- 000861 (4.60251, 13.6364)
000225 <- 000195 (2.09205, 10)
000225 <- 000463 (2.51046, 16.6667)
000157 <- 000536 (2.51046, 16.6667)
000157 <- 000195 (2.09205, 20)
000157 <- 000463 (2.51046, 16.6667)
000157 <- 000704 (3.9749, 10.5263)
000157 <- 000219 (3.76569, 11.1111)
000928 <- 000191 (2.09205, 20)
000928 <- 000462 (2.71967, 15.3846)
000928 <- 000195 (2.09205, 10)
000928 <- 001819 000952 (2.09205, 10)
000928 <- 000219 (3.76569, 11.1111)
000292 <- 000195 (2.09205, 10)
000292 <- 001819 000952 (2.09205, 10)
000292 <- 000861 (4.60251, 13.6364)
000296 <- 000191 (2.09205, 10)
001395 <- 000191 (2.09205, 10)
000201 <- 000191 (2.09205, 10)
000462 <- 000191 (2.09205, 30)
000191 <- 000462 (2.71967, 23.0769)
000205 <- 000191 (2.09205, 10)
000195 <- 000191 (2.09205, 10)
000191 <- 000195 (2.09205, 10)
000191 <- 001819 000952 (2.09205, 20)
001819 <- 000191 (2.09205, 20)
000191 <- 001819 (3.76569, 11.1111)
000166 <- 000191 (2.09205, 20)
000191 <- 000166 (3.13808, 13.3333)
000463 <- 000191 (2.09205, 10)
000704 <- 000191 (2.09205, 30)
000191 <- 000704 (3.9749, 15.7895)
000219 <- 000191 (2.09205, 60)
000191 <- 000219 (3.76569, 33.3333)
000952 <- 000191 (2.09205, 30)
000191 <- 000952 (4.81172, 13.0435)
000861 <- 000191 (2.09205, 20)
000296 <- 000533 (2.92887, 14.2857)
000296 <- 000195 (2.09205, 10)
000296 <- 001819 000952 (2.09205, 10)
000296 <- 000166 (3.13808, 20)
000296 <- 000219 (3.76569, 11.1111)
000296 <- 000861 (4.60251, 18.1818)
001395 <- 000533 (2.92887, 14.2857)
001395 <- 001819 000952 (2.09205, 10)
001395 <- 000463 (2.51046, 16.6667)
001395 <- 000704 (3.9749, 15.7895)
001395 <- 000219 (3.76569, 16.6667)
000474 <- 000536 (2.51046, 16.6667)
000533 <- 000474 (5.23013, 24)
000474 <- 000533 (2.92887, 42.8571)
000474 <- 000195 (2.09205, 10)
000474 <- 001819 000952 (2.09205, 10)
000474 <- 000463 (2.51046, 16.6667)
000201 <- 000536 (2.51046, 16.6667)
000205 <- 000536 (2.51046, 16.6667)
000536 <- 000195 (2.09205, 10)
000463 <- 000536 (2.51046, 25)
000536 <- 000463 (2.51046, 25)
000704 <- 000536 (2.51046, 16.6667)
000536 <- 000704 (3.9749, 10.5263)
000219 <- 000536 (2.51046, 16.6667)
000536 <- 000219 (3.76569, 11.1111)
000861 <- 000536 (2.51046, 25)
000536 <- 000861 (4.60251, 13.6364)
000201 <- 001819 000952 (2.09205, 10)
000201 <- 000463 (2.51046, 16.6667)
000201 <- 000219 (3.76569, 16.6667)
000201 <- 000952 (4.81172, 13.0435)
000201 <- 000861 (4.60251, 13.6364)
000195 <- 000462 (2.71967, 15.3846)
000462 <- 000195 (2.09205, 20)
000931 <- 000462 (2.71967, 15.3846)
000462 <- 000931 (3.13808, 13.3333)
000462 <- 001819 000952 (2.09205, 10)
000166 <- 000462 (2.71967, 23.0769)
000462 <- 000166 (3.13808, 20)
000463 <- 000462 (2.71967, 15.3846)
000462 <- 000463 (2.51046, 16.6667)
000704 <- 000462 (2.71967, 15.3846)
000462 <- 000704 (3.9749, 10.5263)
000219 <- 000462 (2.71967, 30.7692)
000462 <- 000219 (3.76569, 22.2222)
000952 <- 000462 (2.71967, 23.0769)
000462 <- 000952 (4.81172, 13.0435)
000861 <- 000462 (2.71967, 30.7692)
000462 <- 000861 (4.60251, 18.1818)
000205 <- 000195 (2.09205, 10)
000205 <- 001819 000952 (2.09205, 10)
000205 <- 000704 (3.9749, 15.7895)
000205 <- 000219 (3.76569, 22.2222)
000205 <- 000861 (4.60251, 18.1818)
000931 <- 000533 (2.92887, 21.4286)
000533 <- 000931 (3.13808, 20)
000533 <- 001819 000952 (2.09205, 10)
000463 <- 000533 (2.92887, 14.2857)
000533 <- 000463 (2.51046, 16.6667)
000952 <- 000533 (2.92887, 14.2857)
000931 <- 000195 (2.09205, 20)
000195 <- 000931 (3.13808, 13.3333)
000195 <- 001819 000952 (2.09205, 20)
001819 <- 000195 (2.09205, 20)
000195 <- 001819 (3.76569, 11.1111)
000166 <- 000195 (2.09205, 20)
000195 <- 000166 (3.13808, 13.3333)
000463 <- 000195 (2.09205, 10)
000704 <- 000195 (2.09205, 10)
000219 <- 000195 (2.09205, 20)
000195 <- 000219 (3.76569, 11.1111)
000952 <- 000195 (2.09205, 20)
000861 <- 000195 (2.09205, 40)
000195 <- 000861 (4.60251, 18.1818)
000931 <- 001819 000952 (2.09205, 10)
000704 <- 000931 (3.13808, 13.3333)
000931 <- 000704 (3.9749, 10.5263)
000219 <- 000931 (3.13808, 13.3333)
000931 <- 000219 (3.76569, 11.1111)
000952 <- 000931 (3.13808, 13.3333)
000861 <- 000931 (3.13808, 20)
000931 <- 000861 (4.60251, 13.6364)
000704 <- 001819 000952 (2.09205, 20)
000704 <- 001819 (3.76569, 11.1111)
001819 <- 000704 (3.9749, 10.5263)
000219 <- 001819 000952 (2.09205, 40)
000219 <- 001819 (3.76569, 22.2222)
001819 <- 000219 (3.76569, 22.2222)
000861 <- 001819 000952 (2.09205, 20)
000952 <- 001819 (3.76569, 55.5556)
001819 <- 000952 (4.81172, 43.4783)
000861 <- 001819 (3.76569, 16.6667)
001819 <- 000861 (4.60251, 13.6364)
000463 <- 000166 (3.13808, 13.3333)
000166 <- 000463 (2.51046, 16.6667)
000704 <- 000166 (3.13808, 20)
000166 <- 000704 (3.9749, 15.7895)
000219 <- 000166 (3.13808, 13.3333)
000166 <- 000219 (3.76569, 11.1111)
000952 <- 000166 (3.13808, 13.3333)
000861 <- 000166 (3.13808, 40)
000166 <- 000861 (4.60251, 27.2727)
000704 <- 000463 (2.51046, 25)
000463 <- 000704 (3.9749, 15.7895)
000219 <- 000463 (2.51046, 25)
000463 <- 000219 (3.76569, 16.6667)
000952 <- 000463 (2.51046, 25)
000463 <- 000952 (4.81172, 13.0435)
000861 <- 000463 (2.51046, 33.3333)
000463 <- 000861 (4.60251, 18.1818)
000219 <- 000704 (3.9749, 42.1053)
000704 <- 000219 (3.76569, 44.4444)
000952 <- 000704 (3.9749, 31.5789)
000704 <- 000952 (4.81172, 26.087)
000861 <- 000704 (3.9749, 21.0526)
000704 <- 000861 (4.60251, 18.1818)
000952 <- 000219 (3.76569, 33.3333)
000219 <- 000952 (4.81172, 26.087)
000861 <- 000219 (3.76569, 44.4444)
000219 <- 000861 (4.60251, 36.3636)
000861 <- 000952 (4.81172, 17.3913)
000952 <- 000861 (4.60251, 18.1818)
