002245 <- 001077 (1.05263, 10)
000579 <- 001077 (1.05263, 10)
002192 <- 001077 (1.05263, 10)
000929 <- 001077 (1.05263, 10)
002527 <- 001077 (1.05263, 10)
004624 <- 001077 (1.05263, 10)
004821 <- 001819 000952 (1.05263, 10)
002098 <- 001819 000952 (1.05263, 10)
000171 <- 000773 (1.05263, 10)
003406 <- 001077 (1.05263, 10)
002162 <- 001077 (1.05263, 10)
002726 <- 001103 (1.05263, 10)
001899 <- 000773 (1.05263, 10)
001899 <- 001103 (1.05263, 10)
000168 <- 001103 (1.05263, 10)
001592 <- 001103 (1.05263, 10)
000878 <- 000773 (1.05263, 10)
002435 <- 000773 (1.05263, 10)
000539 <- 001077 (1.05263, 10)
001562 <- 001103 (1.05263, 10)
000122 <- 001077 (1.05263, 10)
002860 <- 000773 (1.05263, 10)
000731 <- 000773 (1.05263, 10)
001171 <- 001077 (1.05263, 20)
001034 <- 001103 (1.05263, 10)
000429 <- 001819 000952 (1.05263, 10)
004565 <- 000773 (1.05263, 10)
000504 <- 000773 (1.05263, 10)
002809 <- 000773 (1.05263, 10)
003536 <- 000773 (1.05263, 10)
003031 <- 000773 (1.05263, 10)
000375 <- 000773 (1.05263, 10)
001669 <- 001819 000952 (1.05263, 10)
000223 <- 001077 (1.05263, 10)
001349 <- 000773 (1.05263, 10)
000118 <- 001819 000952 (1.05263, 10)
004040 <- 000773 (1.05263, 10)
000055 <- 001819 000952 (1.05263, 10)
003794 <- 000773 (1.05263, 10)
001408 <- 000773 (1.05263, 10)
000470 <- 000773 (1.05263, 10)
003121 <- 000773 (1.05263, 10)
001955 <- 000773 (1.05263, 10)
002223 <- 000773 (1.05263, 10)
000975 <- 001077 (1.05263, 10)
000514 <- 001103 (1.05263, 10)
002355 <- 000478 (1.78947, 11.7647)
002888 <- 000736 (1.89474, 11.1111)
002679 <- 000736 (1.89474, 11.1111)
002370 <- 000736 (1.89474, 11.1111)
003897 <- 000773 (1.05263, 10)
001421 <- 001103 (1.05263, 10)
000335 <- 000773 (1.05263, 10)
000323 <- 001077 (1.05263, 10)
001403 <- 000773 (1.05263, 10)
004525 <- 001103 (1.05263, 10)
001765 <- 001077 (1.05263, 10)
002831 <- 001819 000952 (1.05263, 10)
000458 <- 001819 000952 (1.05263, 10)
003589 <- 001819 000952 (1.05263, 10)
003578 <- 001819 000952 (1.05263, 10)
004035 <- 001819 000952 (1.05263, 10)
004046 <- 001819 000952 (1.05263, 10)
002750 <- 001819 000952 (1.05263, 10)
000967 <- 001103 (1.05263, 10)
000967 <- 000219 (2, 10.5263)
004666 <- 001103 (1.05263, 10)
000159 <- 001819 000952 (1.05263, 10)
004333 <- 003386 (1.15789, 18.1818)
001106 <- 001103 (1.05263, 10)
000220 <- 001103 (1.05263, 10)
000220 <- 000462 (1.36842, 15.3846)
000787 <- 001819 000952 (1.05263, 10)
001495 <- 001819 000952 (1.05263, 10)
000053 <- 001819 000952 (1.05263, 10)
001315 <- 001819 000952 (1.05263, 10)
001716 <- 001819 000952 (1.05263, 10)
004599 <- 001819 000952 (1.05263, 10)
000124 <- 001819 000952 (1.05263, 10)
000365 <- 001077 (1.05263, 10)
000702 <- 001077 (1.05263, 40)
001077 <- 000702 (2.21053, 19.0476)
001111 <- 001077 (1.05263, 10)
000701 <- 001077 (1.05263, 10)
000209 <- 000195 (1.15789, 18.1818)
001684 <- 000195 (1.15789, 18.1818)
001987 <- 000195 (1.15789, 18.1818)
000231 <- 001819 000952 (1.05263, 10)
001713 <- 000195 (1.15789, 18.1818)
003999 <- 000195 (1.15789, 18.1818)
000224 <- 000195 (1.15789, 18.1818)
000499 <- 001819 000952 (1.05263, 10)
000926 <- 001819 000952 (1.05263, 10)
000954 <- 000195 (1.15789, 18.1818)
000954 <- 001819 000952 (1.05263, 10)
000724 <- 001819 000952 (1.05263, 10)
002335 <- 001819 000952 (1.05263, 10)
000538 <- 000431 (1.36842, 15.3846)
000538 <- 000533 (1.57895, 20)
003373 <- 001819 000952 (1.05263, 10)
002550 <- 000195 (1.15789, 18.1818)
003157 <- 001819 000952 (1.05263, 10)
001330 <- 001819 000952 (1.05263, 10)
001328 <- 001819 000952 (1.05263, 10)
002907 <- 001819 000952 (1.05263, 10)
002086 <- 001819 000952 (1.05263, 10)
003283 <- 001819 000952 (1.05263, 10)
001153 <- 001819 000952 (1.05263, 10)
002480 <- 001819 000952 (1.05263, 10)
000574 <- 000773 (1.05263, 10)
000574 <- 000463 (1.36842, 15.3846)
001175 <- 001819 000952 (1.05263, 10)
000793 <- 000195 (1.15789, 18.1818)
002707 <- 001819 000952 (1.05263, 10)
001029 <- 000773 (1.05263, 10)
001521 <- 000736 (1.89474, 11.1111)
004135 <- 000195 (1.15789, 18.1818)
000184 <- 000536 (1.26316, 16.6667)
000184 <- 000463 (1.36842, 15.3846)
004823 <- 001819 000952 (1.05263, 10)
000688 <- 001103 (1.05263, 10)
000202 <- 000463 (1.36842, 15.3846)
001273 <- 001103 (1.05263, 10)
002883 <- 001103 (1.05263, 10)
000900 <- 001103 (1.05263, 10)
001647 <- 001103 (1.05263, 10)
000382 <- 001103 (1.05263, 10)
001378 <- 001103 (1.05263, 10)
002168 <- 001103 (1.05263, 10)
002340 <- 001103 (1.05263, 10)
003385 <- 001819 000952 (1.05263, 10)
003827 <- 000219 (2, 10.5263)
004564 <- 001103 (1.05263, 10)
002459 <- 000191 (1.26316, 16.6667)
002459 <- 000219 (2, 10.5263)
000551 <- 000930 (1.68421, 12.5)
000551 <- 001819 000952 (1.05263, 10)
001291 <- 001103 (1.05263, 10)
000509 <- 001103 (1.05263, 10)
000061 <- 000773 (1.05263, 10)
000060 <- 000462 (1.36842, 15.3846)
000299 <- 000166 (1.89474, 11.1111)
001907 <- 001819 000952 (1.05263, 10)
000337 <- 001103 (1.05263, 10)
000706 <- 001103 (1.05263, 10)
004245 <- 001819 000952 (1.05263, 10)
000365 <- 000773 (1.05263, 10)
003718 <- 000773 (1.05263, 10)
000702 <- 000773 (1.05263, 10)
002919 <- 000773 (1.05263, 10)
003208 <- 000773 (1.05263, 10)
000336 <- 000773 (1.05263, 10)
001016 <- 000773 (1.05263, 10)
001103 <- 000773 (1.05263, 10)
000773 <- 001103 (1.05263, 10)
000426 <- 000773 (1.05263, 10)
000641 <- 000773 (1.05263, 20)
000451 <- 000773 (1.05263, 10)
000225 <- 000773 (1.05263, 10)
000928 <- 000773 (1.05263, 10)
000462 <- 000773 (1.05263, 10)
000701 <- 000773 (1.05263, 10)
000861 <- 000773 (1.05263, 10)
001551 <- 000166 (1.89474, 11.1111)
000125 <- 000736 (1.89474, 11.1111)
000125 <- 001819 000952 (1.05263, 10)
001759 <- 000219 (2, 10.5263)
001962 <- 001103 (1.05263, 10)
001558 <- 000195 (1.15789, 18.1818)
001494 <- 001819 000952 (1.05263, 10)
001494 <- 000219 (2, 10.5263)
000228 <- 001819 000952 (1.05263, 10)
000228 <- 001819 (1.89474, 11.1111)
000227 <- 001103 (1.05263, 10)
000227 <- 000536 (1.26316, 16.6667)
000227 <- 001819 000952 (1.05263, 10)
000227 <- 001819 (1.89474, 11.1111)
000227 <- 000219 (2, 10.5263)
000425 <- 001103 (1.05263, 10)
004547 <- 000478 (1.78947, 11.7647)
004547 <- 001819 000952 (1.05263, 10)
003902 <- 001819 000952 (1.05263, 10)
000701 <- 000702 (2.21053, 38.0952)
000702 <- 000701 (7.47368, 11.2676)
003702 <- 000536 (1.26316, 16.6667)
000781 <- 000431 (1.36842, 23.0769)
000781 <- 000474 (3.15789, 10)
000781 <- 000533 (1.57895, 26.6667)
001435 <- 001103 (1.05263, 10)
000573 <- 001103 (1.05263, 10)
000573 <- 001819 000952 (1.05263, 10)
000050 <- 001103 (1.05263, 10)
001546 <- 000219 (2, 10.5263)
000537 <- 000736 (1.89474, 11.1111)
000474 <- 000736 (1.89474, 11.1111)
004234 <- 001103 (1.05263, 10)
004234 <- 001819 000952 (1.05263, 10)
000730 <- 001103 (1.05263, 10)
000730 <- 000930 (1.68421, 12.5)
000730 <- 001819 000952 (1.05263, 10)
000682 <- 001103 (1.05263, 10)
003176 <- 001819 000952 (1.05263, 10)
002212 <- 001819 000952 (1.05263, 10)
001887 <- 001819 000952 (1.05263, 10)
001461 <- 001819 000952 (1.05263, 10)
004295 <- 001819 000952 (1.05263, 10)
003748 <- 001819 000952 (1.05263, 10)
001557 <- 001819 000952 (1.05263, 20)
001557 <- 001819 (1.89474, 11.1111)
001916 <- 001819 000952 (1.05263, 10)
001086 <- 001819 000952 (1.05263, 10)
003184 <- 001819 000952 (1.05263, 10)
003424 <- 001819 000952 (1.05263, 10)
004828 <- 001819 000952 (1.05263, 10)
003451 <- 001819 000952 (1.05263, 10)
001734 <- 001819 000952 (1.05263, 10)
001392 <- 001819 000952 (1.05263, 10)
001939 <- 001819 000952 (1.05263, 10)
003567 <- 001819 000952 (1.05263, 10)
003588 <- 001819 000952 (1.05263, 10)
004322 <- 001819 000952 (1.05263, 10)
000700 <- 001819 000952 (1.05263, 10)
002426 <- 001819 000952 (1.05263, 10)
001217 <- 001819 000952 (1.05263, 10)
000716 <- 001819 000952 (1.05263, 10)
004096 <- 001103 (1.05263, 10)
002926 <- 001819 000952 (1.05263, 10)
000095 <- 001819 000952 (1.05263, 10)
001530 <- 001819 000952 (1.05263, 10)
000685 <- 001103 (1.05263, 10)
000685 <- 000462 (1.36842, 15.3846)
001880 <- 001819 000952 (1.05263, 10)
002084 <- 000536 (1.26316, 16.6667)
003292 <- 000462 (1.36842, 15.3846)
003292 <- 001819 000952 (1.05263, 10)
000714 <- 001231 (1.15789, 18.1818)
000714 <- 001819 000952 (1.05263, 10)
000714 <- 001819 (1.89474, 11.1111)
001108 <- 000463 (1.36842, 15.3846)
001818 <- 001819 000952 (1.05263, 10)
000668 <- 001819 000952 (1.05263, 10)
002354 <- 001819 000952 (1.05263, 10)
002354 <- 000219 (2, 10.5263)
002919 <- 001103 (1.05263, 10)
002919 <- 000195 (1.15789, 27.2727)
003208 <- 001819 000952 (1.05263, 10)
000400 <- 000536 (1.26316, 16.6667)
000400 <- 000533 (1.57895, 13.3333)
000400 <- 000463 (1.36842, 15.3846)
003880 <- 001819 000952 (1.05263, 10)
004420 <- 001231 (1.15789, 18.1818)
004420 <- 001819 000952 (1.05263, 10)
004420 <- 001819 (1.89474, 11.1111)
001753 <- 001819 000952 (1.05263, 10)
000780 <- 000462 (1.36842, 15.3846)
000537 <- 001819 000952 (1.05263, 10)
000537 <- 001819 (1.89474, 11.1111)
000537 <- 000704 (2.42105, 13.0435)
000226 <- 001103 (1.05263, 10)
000226 <- 000166 (1.89474, 11.1111)
001097 <- 001103 (1.05263, 10)
001097 <- 000166 (1.89474, 11.1111)
001097 <- 000219 (2, 10.5263)
000183 <- 000463 (1.36842, 15.3846)
000183 <- 000704 (2.42105, 13.0435)
001553 <- 001819 000952 (1.05263, 10)
002258 <- 001103 (1.05263, 10)
002258 <- 000191 (1.26316, 16.6667)
002258 <- 001819 000952 (1.05263, 10)
002258 <- 000219 (2, 10.5263)
000713 <- 000463 (1.36842, 15.3846)
000336 <- 000195 (1.15789, 18.1818)
001708 <- 000533 (1.57895, 13.3333)
001708 <- 000463 (1.36842, 15.3846)
003461 <- 000931 (1.78947, 11.7647)
002183 <- 001819 000952 (1.05263, 10)
003510 <- 000533 (1.57895, 13.3333)
003510 <- 001819 000952 (1.05263, 10)
003977 <- 001819 000952 (1.05263, 10)
000556 <- 000463 (1.36842, 15.3846)
000103 <- 000463 (1.36842, 15.3846)
000283 <- 001819 000952 (1.05263, 10)
000630 <- 001819 000952 (1.05263, 10)
001073 <- 001977 (1.47368, 64.2857)
001977 <- 001073 (1.57895, 60)
000928 <- 001977 (1.47368, 14.2857)
000931 <- 001977 (1.47368, 21.4286)
001977 <- 000931 (1.78947, 17.6471)
001977 <- 001819 000952 (1.05263, 10)
000464 <- 000195 (1.15789, 27.2727)
000464 <- 001819 000952 (1.05263, 10)
000464 <- 000219 (2, 10.5263)
000707 <- 001819 000952 (1.05263, 10)
001305 <- 001103 (1.05263, 10)
001305 <- 001819 000952 (1.05263, 10)
001305 <- 000219 (2, 10.5263)
000756 <- 001819 000952 (1.05263, 20)
000756 <- 001819 (1.89474, 11.1111)
004229 <- 001073 (1.57895, 13.3333)
004229 <- 001103 (1.05263, 10)
004229 <- 000478 (1.78947, 11.7647)
004229 <- 001231 (1.15789, 18.1818)
004229 <- 000462 (1.36842, 15.3846)
004229 <- 001819 000952 (1.05263, 10)
004229 <- 000219 (2, 10.5263)
000386 <- 001819 000952 (1.05263, 10)
000620 <- 000166 (1.89474, 11.1111)
002472 <- 000195 (1.15789, 18.1818)
002472 <- 000931 (1.78947, 11.7647)
000711 <- 000478 (1.78947, 11.7647)
000711 <- 001231 (1.15789, 18.1818)
000711 <- 001819 000952 (1.05263, 10)
000711 <- 001819 (1.89474, 11.1111)
000114 <- 001103 (1.05263, 10)
000114 <- 000166 (1.89474, 11.1111)
001073 <- 001103 (1.05263, 10)
000478 <- 001073 (1.57895, 13.3333)
001073 <- 000478 (1.78947, 11.7647)
000928 <- 001073 (1.57895, 13.3333)
000931 <- 001073 (1.57895, 20)
001073 <- 000931 (1.78947, 17.6471)
001299 <- 001103 (1.05263, 10)
000214 <- 001103 (1.05263, 10)
001158 <- 001103 (1.05263, 10)
002858 <- 001103 (1.05263, 10)
000782 <- 001103 (1.05263, 10)
002309 <- 001103 (1.05263, 10)
002509 <- 001103 (1.05263, 10)
001231 <- 001103 (1.05263, 10)
000204 <- 001103 (1.05263, 10)
000930 <- 001103 (1.05263, 20)
001103 <- 000930 (1.68421, 12.5)
000717 <- 001103 (1.05263, 10)
004174 <- 001103 (1.05263, 10)
001490 <- 001103 (1.05263, 10)
000451 <- 001103 (1.05263, 10)
000179 <- 001103 (1.05263, 10)
001137 <- 001103 (1.05263, 10)
000225 <- 001103 (1.05263, 10)
000928 <- 001103 (1.05263, 20)
000191 <- 001103 (1.05263, 20)
001103 <- 000191 (1.26316, 16.6667)
000462 <- 001103 (1.05263, 10)
000205 <- 001103 (1.05263, 10)
000166 <- 001103 (1.05263, 10)
000704 <- 001103 (1.05263, 20)
000219 <- 001103 (1.05263, 30)
001103 <- 000219 (2, 15.7895)
000861 <- 001103 (1.05263, 20)
004091 <- 000195 (1.15789, 18.1818)
000718 <- 001819 000952 (1.05263, 10)
001203 <- 000536 (1.26316, 16.6667)
002959 <- 001819 000952 (1.05263, 10)
002959 <- 001819 (1.89474, 11.1111)
000387 <- 000166 (1.89474, 11.1111)
000616 <- 000536 (1.26316, 16.6667)
001564 <- 001819 000952 (1.05263, 10)
001299 <- 000166 (1.89474, 11.1111)
001683 <- 000195 (1.15789, 27.2727)
001683 <- 000166 (1.89474, 11.1111)
001683 <- 000861 (2.31579, 13.6364)
000314 <- 001819 000952 (1.05263, 10)
000314 <- 000219 (2, 10.5263)
001158 <- 001819 000952 (1.05263, 10)
001158 <- 000704 (2.42105, 13.0435)
001158 <- 000219 (2, 10.5263)
000960 <- 001819 000952 (1.05263, 10)
000478 <- 001819 000952 (1.05263, 10)
002858 <- 001819 000952 (1.05263, 10)
002858 <- 000219 (2, 10.5263)
000721 <- 001819 000952 (1.05263, 10)
000721 <- 000219 (2, 10.5263)
000782 <- 000166 (1.89474, 11.1111)
000782 <- 000219 (2, 10.5263)
004002 <- 001819 000952 (1.05263, 10)
000426 <- 000191 (1.26316, 16.6667)
000426 <- 001819 000952 (1.05263, 20)
000426 <- 001819 (1.89474, 11.1111)
000426 <- 000219 (2, 15.7895)
000426 <- 000861 (2.31579, 13.6364)
002069 <- 000195 (1.15789, 18.1818)
003326 <- 000195 (1.15789, 18.1818)
000466 <- 001819 000952 (1.05263, 10)
000466 <- 000463 (1.36842, 15.3846)
000181 <- 000536 (1.26316, 16.6667)
000181 <- 000463 (1.36842, 15.3846)
001429 <- 000536 (1.26316, 16.6667)
002309 <- 000166 (1.89474, 16.6667)
000424 <- 000191 (1.26316, 16.6667)
000424 <- 000195 (1.15789, 27.2727)
000424 <- 001819 000952 (1.05263, 10)
000424 <- 000166 (1.89474, 11.1111)
003204 <- 001819 000952 (1.05263, 10)
003515 <- 001819 000952 (1.05263, 10)
003515 <- 000219 (2, 10.5263)
003408 <- 003386 (1.15789, 18.1818)
004174 <- 003386 (1.15789, 18.1818)
003386 <- 001819 000952 (1.05263, 20)
001819 <- 003386 (1.15789, 18.1818)
003386 <- 001819 (1.89474, 11.1111)
000952 <- 003386 (1.15789, 18.1818)
000462 <- 001231 (1.15789, 18.1818)
001231 <- 000462 (1.36842, 15.3846)
000701 <- 001231 (1.15789, 18.1818)
001231 <- 001819 000952 (1.05263, 10)
001819 <- 001231 (1.15789, 18.1818)
001231 <- 001819 (1.89474, 11.1111)
000219 <- 001231 (1.15789, 18.1818)
001231 <- 000219 (2, 10.5263)
000204 <- 001819 000952 (1.05263, 10)
000204 <- 000219 (2, 10.5263)
000641 <- 000195 (1.15789, 18.1818)
000928 <- 000930 (1.68421, 25)
000930 <- 000928 (3.15789, 13.3333)
000191 <- 000930 (1.68421, 12.5)
000930 <- 000191 (1.26316, 16.6667)
000930 <- 001819 000952 (1.05263, 10)
000463 <- 000930 (1.68421, 12.5)
000930 <- 000463 (1.36842, 15.3846)
000704 <- 000930 (1.68421, 18.75)
000930 <- 000704 (2.42105, 13.0435)
000219 <- 000930 (1.68421, 25)
000930 <- 000219 (2, 21.0526)
002392 <- 000462 (1.36842, 15.3846)
002392 <- 000195 (1.15789, 18.1818)
002392 <- 000166 (1.89474, 11.1111)
003408 <- 001819 000952 (1.05263, 10)
000717 <- 001819 000952 (1.05263, 10)
000717 <- 000219 (2, 10.5263)
004479 <- 000931 (1.78947, 11.7647)
004479 <- 001819 000952 (1.05263, 10)
004479 <- 001819 (1.89474, 11.1111)
004479 <- 000861 (2.31579, 13.6364)
004174 <- 001819 000952 (1.05263, 10)
004174 <- 000219 (2, 10.5263)
000639 <- 000931 (1.78947, 11.7647)
001490 <- 000219 (2, 10.5263)
001386 <- 000536 (1.26316, 16.6667)
001386 <- 000195 (1.15789, 18.1818)
000474 <- 000431 (1.36842, 30.7692)
000431 <- 000474 (3.15789, 13.3333)
000533 <- 000431 (1.36842, 46.1538)
000431 <- 000533 (1.57895, 40)
000431 <- 001819 000952 (1.05263, 10)
000451 <- 001819 000952 (1.05263, 10)
000451 <- 000219 (2, 10.5263)
000664 <- 001819 000952 (1.05263, 10)
000664 <- 000219 (2, 10.5263)
000294 <- 000931 (1.78947, 11.7647)
000294 <- 001819 000952 (1.05263, 10)
000179 <- 000191 (1.26316, 25)
000179 <- 000462 (1.36842, 15.3846)
000179 <- 001819 000952 (1.05263, 10)
000179 <- 000166 (1.89474, 11.1111)
000179 <- 000219 (2, 10.5263)
001687 <- 001819 000952 (1.05263, 10)
001687 <- 000463 (1.36842, 15.3846)
001687 <- 000952 (2.52632, 12.5)
000066 <- 000533 (1.57895, 13.3333)
000066 <- 001819 000952 (1.05263, 10)
000066 <- 001819 (1.89474, 11.1111)
000297 <- 001819 000952 (1.05263, 10)
000207 <- 000462 (1.36842, 15.3846)
000207 <- 000931 (1.78947, 17.6471)
000207 <- 000166 (1.89474, 11.1111)
000207 <- 000463 (1.36842, 15.3846)
000500 <- 000533 (1.57895, 13.3333)
000500 <- 000463 (1.36842, 30.7692)
001111 <- 000191 (1.26316, 16.6667)
001111 <- 001819 000952 (1.05263, 30)
001111 <- 001819 (1.89474, 16.6667)
001111 <- 000219 (2, 10.5263)
001111 <- 000952 (2.52632, 16.6667)
000370 <- 000195 (1.15789, 18.1818)
000370 <- 000931 (1.78947, 11.7647)
000370 <- 001819 000952 (1.05263, 10)
000158 <- 000536 (1.26316, 16.6667)
000158 <- 000195 (1.15789, 27.2727)
000158 <- 000166 (1.89474, 11.1111)
000158 <- 000463 (1.36842, 15.3846)
000158 <- 000861 (2.31579, 13.6364)
000291 <- 000462 (1.36842, 15.3846)
000291 <- 000931 (1.78947, 11.7647)
000291 <- 001819 000952 (1.05263, 10)
000291 <- 000219 (2, 15.7895)
000291 <- 000861 (2.31579, 13.6364)
001475 <- 000931 (1.78947, 11.7647)
001475 <- 001819 000952 (1.05263, 10)
001475 <- 000219 (2, 10.5263)
001137 <- 000191 (1.26316, 16.6667)
001137 <- 000166 (1.89474, 16.6667)
001137 <- 000463 (1.36842, 15.3846)
001137 <- 000861 (2.31579, 13.6364)
001952 <- 001819 000952 (1.05263, 10)
001952 <- 000952 (2.52632, 12.5)
000157 <- 000536 (1.26316, 16.6667)
000157 <- 000195 (1.15789, 18.1818)
000157 <- 000463 (1.36842, 15.3846)
000157 <- 000219 (2, 10.5263)
000225 <- 000463 (1.36842, 15.3846)
000292 <- 001819 000952 (1.05263, 10)
000292 <- 000861 (2.31579, 13.6364)
000928 <- 000191 (1.26316, 16.6667)
000928 <- 000462 (1.36842, 15.3846)
000701 <- 000928 (3.15789, 10)
000928 <- 001819 000952 (1.05263, 10)
000928 <- 000219 (2, 10.5263)
000462 <- 000191 (1.26316, 25)
000191 <- 000462 (1.36842, 23.0769)
000191 <- 001819 000952 (1.05263, 20)
001819 <- 000191 (1.26316, 16.6667)
000191 <- 001819 (1.89474, 11.1111)
000166 <- 000191 (1.26316, 16.6667)
000191 <- 000166 (1.89474, 11.1111)
000704 <- 000191 (1.26316, 25)
000191 <- 000704 (2.42105, 13.0435)
000219 <- 000191 (1.26316, 50)
000191 <- 000219 (2, 31.5789)
000952 <- 000191 (1.26316, 25)
000191 <- 000952 (2.52632, 12.5)
000861 <- 000191 (1.26316, 16.6667)
001395 <- 000533 (1.57895, 13.3333)
001395 <- 001819 000952 (1.05263, 10)
001395 <- 000463 (1.36842, 15.3846)
001395 <- 000704 (2.42105, 13.0435)
001395 <- 000219 (2, 15.7895)
000296 <- 000533 (1.57895, 13.3333)
000296 <- 001819 000952 (1.05263, 10)
000296 <- 000166 (1.89474, 16.6667)
000296 <- 000219 (2, 10.5263)
000296 <- 000861 (2.31579, 18.1818)
000474 <- 000536 (1.26316, 16.6667)
000201 <- 000536 (1.26316, 16.6667)
000205 <- 000536 (1.26316, 16.6667)
000463 <- 000536 (1.26316, 25)
000536 <- 000463 (1.36842, 23.0769)
000704 <- 000536 (1.26316, 16.6667)
000219 <- 000536 (1.26316, 16.6667)
000536 <- 000219 (2, 10.5263)
000861 <- 000536 (1.26316, 25)
000536 <- 000861 (2.31579, 13.6364)
000701 <- 000474 (3.15789, 10)
000533 <- 000474 (3.15789, 20)
000474 <- 000533 (1.57895, 40)
000474 <- 001819 000952 (1.05263, 10)
000474 <- 000463 (1.36842, 15.3846)
000201 <- 001819 000952 (1.05263, 10)
000201 <- 000463 (1.36842, 15.3846)
000201 <- 000219 (2, 15.7895)
000201 <- 000952 (2.52632, 12.5)
000201 <- 000861 (2.31579, 13.6364)
000195 <- 000462 (1.36842, 15.3846)
000462 <- 000195 (1.15789, 18.1818)
000931 <- 000462 (1.36842, 15.3846)
000462 <- 000931 (1.78947, 11.7647)
000462 <- 001819 000952 (1.05263, 10)
000166 <- 000462 (1.36842, 23.0769)
000462 <- 000166 (1.89474, 16.6667)
000463 <- 000462 (1.36842, 15.3846)
000462 <- 000463 (1.36842, 15.3846)
000704 <- 000462 (1.36842, 15.3846)
000219 <- 000462 (1.36842, 30.7692)
000462 <- 000219 (2, 21.0526)
000952 <- 000462 (1.36842, 23.0769)
000462 <- 000952 (2.52632, 12.5)
000861 <- 000462 (1.36842, 30.7692)
000462 <- 000861 (2.31579, 18.1818)
000701 <- 000195 (1.15789, 18.1818)
000701 <- 000931 (1.78947, 11.7647)
000701 <- 001819 000952 (1.05263, 20)
000701 <- 001819 (1.89474, 16.6667)
000701 <- 000861 (2.31579, 13.6364)
000205 <- 001819 000952 (1.05263, 10)
000205 <- 000704 (2.42105, 13.0435)
000205 <- 000219 (2, 21.0526)
000205 <- 000861 (2.31579, 18.1818)
000931 <- 000533 (1.57895, 20)
000533 <- 000931 (1.78947, 17.6471)
000533 <- 001819 000952 (1.05263, 10)
000463 <- 000533 (1.57895, 13.3333)
000533 <- 000463 (1.36842, 15.3846)
000952 <- 000533 (1.57895, 13.3333)
000931 <- 000195 (1.15789, 18.1818)
000195 <- 000931 (1.78947, 11.7647)
000195 <- 001819 000952 (1.05263, 20)
001819 <- 000195 (1.15789, 18.1818)
000195 <- 001819 (1.89474, 11.1111)
000166 <- 000195 (1.15789, 18.1818)
000195 <- 000166 (1.89474, 11.1111)
000219 <- 000195 (1.15789, 18.1818)
000195 <- 000219 (2, 10.5263)
000952 <- 000195 (1.15789, 18.1818)
000861 <- 000195 (1.15789, 36.3636)
000195 <- 000861 (2.31579, 18.1818)
000931 <- 001819 000952 (1.05263, 10)
000704 <- 000931 (1.78947, 11.7647)
000219 <- 000931 (1.78947, 11.7647)
000931 <- 000219 (2, 10.5263)
000952 <- 000931 (1.78947, 11.7647)
000861 <- 000931 (1.78947, 17.6471)
000931 <- 000861 (2.31579, 13.6364)
000704 <- 001819 000952 (1.05263, 20)
000704 <- 001819 (1.89474, 11.1111)
000219 <- 001819 000952 (1.05263, 40)
000219 <- 001819 (1.89474, 22.2222)
001819 <- 000219 (2, 21.0526)
000861 <- 001819 000952 (1.05263, 20)
000952 <- 001819 (1.89474, 55.5556)
001819 <- 000952 (2.52632, 41.6667)
000861 <- 001819 (1.89474, 16.6667)
001819 <- 000861 (2.31579, 13.6364)
000463 <- 000166 (1.89474, 11.1111)
000166 <- 000463 (1.36842, 15.3846)
000704 <- 000166 (1.89474, 16.6667)
000166 <- 000704 (2.42105, 13.0435)
000219 <- 000166 (1.89474, 11.1111)
000166 <- 000219 (2, 10.5263)
000952 <- 000166 (1.89474, 11.1111)
000861 <- 000166 (1.89474, 33.3333)
000166 <- 000861 (2.31579, 27.2727)
000704 <- 000463 (1.36842, 23.0769)
000463 <- 000704 (2.42105, 13.0435)
000219 <- 000463 (1.36842, 23.0769)
000463 <- 000219 (2, 15.7895)
000952 <- 000463 (1.36842, 23.0769)
000463 <- 000952 (2.52632, 12.5)
000861 <- 000463 (1.36842, 30.7692)
000463 <- 000861 (2.31579, 18.1818)
000219 <- 000704 (2.42105, 34.7826)
000704 <- 000219 (2, 42.1053)
000952 <- 000704 (2.42105, 26.087)
000704 <- 000952 (2.52632, 25)
000861 <- 000704 (2.42105, 17.3913)
000704 <- 000861 (2.31579, 18.1818)
000952 <- 000219 (2, 31.5789)
000219 <- 000952 (2.52632, 25)
000861 <- 000219 (2, 42.1053)
000219 <- 000861 (2.31579, 36.3636)
000861 <- 000952 (2.52632, 16.6667)
000952 <- 000861 (2.31579, 18.1818)
