Testes de variação de epocas de treino para a rede neural com a base de dados Hill.
Formato (Qt. epocas, Accuracy, Tempo de execução)
(0, 48.559670781893004, 0.0963582992553711)
(1, 48.559670781893004, 0.1881868839263916)
(2, 48.559670781893004, 0.25170373916625977)
(3, 55.96707818930041, 0.32627391815185547)
(4, 48.559670781893004, 0.42802000045776367)
(5, 88.47736625514403, 0.48929882049560547)
(6, 88.88888888888889, 0.5534112453460693)
(7, 88.47736625514403, 0.6298520565032959)
(8, 70.78189300411523, 0.7515468597412109)
(9, 87.65432098765432, 0.7964284420013428)
(10, 77.36625514403292, 0.8731014728546143)
(11, 81.89300411522635, 0.9248101711273193)
(12, 88.88888888888889, 1.0318357944488525)
(13, 89.30041152263375, 1.0570166110992432)
(14, 82.3045267489712, 1.1646530628204346)
(15, 89.30041152263375, 1.2320137023925781)
(16, 88.88888888888889, 1.37705397605896)
(17, 89.30041152263375, 1.443967580795288)
(18, 90.12345679012346, 1.4774863719940186)
(19, 89.30041152263375, 1.5892198085784912)
(20, 90.12345679012346, 1.6987059116363525)
(21, 90.94650205761316, 1.7491164207458496)
(22, 90.53497942386831, 2.1138851642608643)
(23, 90.53497942386831, 1.8440124988555908)
(24, 91.76954732510289, 2.2437033653259277)
(25, 92.18106995884774, 1.9871594905853271)
(26, 93.4156378600823, 2.0121829509735107)
(27, 94.23868312757202, 2.0163044929504395)
(28, 94.23868312757202, 2.1618239879608154)
(29, 94.23868312757202, 2.5226235389709473)
(30, 94.23868312757202, 4.239902019500732)
(31, 93.4156378600823, 4.453636407852173)
(32, 94.65020576131687, 4.631140232086182)
(33, 94.65020576131687, 4.722893238067627)
(34, 94.23868312757202, 5.011714458465576)
(35, 94.65020576131687, 5.050080299377441)
(36, 93.82716049382715, 5.1419923305511475)
(37, 94.23868312757202, 5.36653470993042)
(38, 94.23868312757202, 5.448715686798096)
(39, 94.23868312757202, 5.580514669418335)
(40, 94.23868312757202, 5.8078999519348145)
(41, 94.23868312757202, 5.618757009506226)
(42, 94.65020576131687, 5.905536651611328)
(43, 94.23868312757202, 6.009929418563843)
(44, 94.23868312757202, 6.1454691886901855)
(45, 94.65020576131687, 6.273816108703613)
(46, 94.23868312757202, 6.405539512634277)
(47, 92.18106995884774, 6.6058189868927)
(48, 92.18106995884774, 6.738322973251343)
(49, 94.23868312757202, 6.972196102142334)
(50, 94.23868312757202, 7.105442762374878)
(51, 94.23868312757202, 7.117375612258911)
(52, 94.65020576131687, 6.883744716644287)
(53, 93.4156378600823, 7.795248031616211)
(54, 92.18106995884774, 6.433778762817383)
(55, 92.5925925925926, 7.121899127960205)
(56, 95.06172839506173, 7.674592971801758)
(57, 94.65020576131687, 7.91872239112854)
(58, 95.06172839506173, 7.979074239730835)
(59, 95.06172839506173, 6.448206186294556)
(60, 94.23868312757202, 4.497968673706055)
(61, 91.76954732510289, 6.120273113250732)
(62, 94.65020576131687, 6.141961574554443)
(63, 95.06172839506173, 6.77820348739624)
(64, 95.06172839506173, 5.867891550064087)
(65, 93.00411522633745, 9.556802034378052)
(66, 93.00411522633745, 9.463831901550293)
(67, 94.65020576131687, 9.87771987915039)
(68, 94.23868312757202, 7.202220439910889)
(69, 92.18106995884774, 4.935497522354126)
(70, 94.65020576131687, 4.984086990356445)
(71, 94.65020576131687, 5.0758056640625)
(72, 93.00411522633745, 5.023943185806274)
(73, 94.23868312757202, 5.290135622024536)
(74, 94.65020576131687, 5.1020238399505615)
(75, 94.65020576131687, 5.281323194503784)
(76, 93.82716049382715, 5.284930944442749)
(77, 94.65020576131687, 5.4548139572143555)
(78, 94.65020576131687, 5.501098155975342)
(79, 93.82716049382715, 5.645929336547852)
(80, 95.47325102880659, 5.585479736328125)
(81, 94.65020576131687, 5.768493175506592)
(82, 94.65020576131687, 5.878233909606934)
(83, 94.65020576131687, 5.909274101257324)
(84, 94.65020576131687, 5.9865288734436035)
(85, 94.65020576131687, 11.184641122817993)
(86, 94.23868312757202, 11.768941402435303)
(87, 95.06172839506173, 11.61143445968628)
(88, 94.65020576131687, 11.653518915176392)
(89, 94.65020576131687, 11.772012710571289)
(90, 94.65020576131687, 12.057901620864868)
(91, 94.65020576131687, 12.173346757888794)
(92, 95.06172839506173, 12.366002321243286)
(93, 94.65020576131687, 12.343647480010986)
(94, 95.06172839506173, 12.279110193252563)
(95, 94.65020576131687, 12.649692296981812)
(96, 95.06172839506173, 12.626812934875488)
(97, 95.06172839506173, 12.842195510864258)
(98, 95.06172839506173, 12.986309051513672)
(99, 95.06172839506173, 12.976435661315918)
(100, 92.5925925925926, 13.33945083618164)
(101, 95.88477366255144, 13.560321569442749)
(102, 95.47325102880659, 13.565842866897583)
(103, 95.06172839506173, 13.856676578521729)
(104, 92.5925925925926, 13.768106937408447)
(105, 95.06172839506173, 14.022391319274902)
(106, 95.47325102880659, 14.268069505691528)
(107, 95.06172839506173, 14.311928272247314)
(108, 95.06172839506173, 14.35094428062439)
(109, 95.88477366255144, 14.653074741363525)
(110, 95.06172839506173, 12.098090171813965)
(111, 95.47325102880659, 14.747782468795776)
(112, 95.47325102880659, 16.086090326309204)
(113, 95.47325102880659, 10.249449968338013)
(114, 95.88477366255144, 10.84223198890686)
(115, 95.06172839506173, 15.812587976455688)
(116, 95.88477366255144, 15.803820610046387)
(117, 95.88477366255144, 15.862913846969604)
(118, 95.88477366255144, 15.874504804611206)
(119, 95.88477366255144, 11.864655494689941)
(120, 95.88477366255144, 13.042153120040894)
(121, 95.88477366255144, 10.258674144744873)
(122, 95.88477366255144, 16.32282567024231)
(123, 95.88477366255144, 16.555888891220093)
(124, 95.88477366255144, 17.04792284965515)
(125, 95.88477366255144, 17.123139142990112)
(126, 95.88477366255144, 17.28380537033081)
(127, 95.88477366255144, 15.78808331489563)
(128, 95.88477366255144, 16.82228446006775)
(129, 95.88477366255144, 17.34207248687744)
(130, 96.29629629629629, 17.19220733642578)
(131, 92.5925925925926, 17.403753519058228)
(132, 95.88477366255144, 13.710288524627686)
(133, 97.11934156378601, 18.380086421966553)
(134, 96.29629629629629, 17.034390926361084)
(135, 97.11934156378601, 13.896240234375)
(136, 96.29629629629629, 10.255971670150757)
(137, 95.88477366255144, 10.413287162780762)
(138, 94.23868312757202, 10.62107801437378)
(139, 96.29629629629629, 10.309664487838745)
(140, 95.88477366255144, 11.575985193252563)
(141, 95.88477366255144, 13.322973012924194)
(142, 95.88477366255144, 18.989088535308838)
(143, 95.88477366255144, 19.448105335235596)
(144, 95.88477366255144, 19.352951526641846)
(145, 95.88477366255144, 19.314815044403076)
(146, 94.23868312757202, 12.907557487487793)
(147, 95.88477366255144, 12.726924180984497)
(148, 96.29629629629629, 12.177151203155518)
(149, 94.23868312757202, 14.756443500518799)
(150, 96.29629629629629, 15.408222198486328)
(151, 95.88477366255144, 19.981122493743896)
(152, 97.94238683127571, 19.213019609451294)
(153, 97.11934156378601, 20.855747938156128)
(154, 97.11934156378601, 19.88465905189514)
(155, 97.94238683127571, 19.803206205368042)
(156, 95.88477366255144, 21.26835608482361)
(157, 96.29629629629629, 21.399470806121826)
(158, 97.11934156378601, 21.696898221969604)
(159, 96.29629629629629, 19.340348958969116)
(160, 95.06172839506173, 21.270477533340454)
(161, 96.29629629629629, 22.453590393066406)
(162, 97.11934156378601, 17.84737515449524)
(163, 96.29629629629629, 13.772533178329468)
(164, 97.11934156378601, 13.448956489562988)
(165, 97.53086419753086, 22.363953351974487)
(166, 97.11934156378601, 22.17534041404724)
(167, 95.88477366255144, 21.301706314086914)
(168, 97.94238683127571, 11.203372955322266)
(169, 97.53086419753086, 11.294532060623169)
(170, 97.11934156378601, 11.156608819961548)
(171, 97.11934156378601, 11.687996864318848)
(172, 97.94238683127571, 11.240838050842285)
(173, 97.53086419753086, 11.549237966537476)
(174, 97.53086419753086, 12.670921802520752)
(175, 97.53086419753086, 12.13396430015564)
(176, 96.29629629629629, 11.991063594818115)
(177, 97.11934156378601, 12.620398998260498)
(178, 97.11934156378601, 12.421025037765503)
(179, 97.94238683127571, 11.723745107650757)
(180, 97.11934156378601, 12.434518098831177)
(181, 97.53086419753086, 16.141544580459595)
(182, 97.53086419753086, 22.215137720108032)
(183, 97.94238683127571, 23.82315444946289)
(184, 97.11934156378601, 16.106770277023315)
(185, 97.53086419753086, 14.707030057907104)
(186, 97.94238683127571, 13.771528482437134)
(187, 97.53086419753086, 13.925273418426514)
(188, 97.94238683127571, 15.12895917892456)
(189, 97.94238683127571, 24.483198881149292)
(190, 97.53086419753086, 15.693382024765015)
(191, 97.11934156378601, 20.223992824554443)
(192, 97.53086419753086, 15.128557682037354)
(193, 97.53086419753086, 14.621469736099243)
(194, 97.53086419753086, 14.505240201950073)
(195, 97.53086419753086, 20.473885536193848)
(196, 97.53086419753086, 25.67279291152954)
(197, 97.53086419753086, 25.44783854484558)
(198, 97.53086419753086, 25.774292945861816)
(199, 94.23868312757202, 25.747801780700684)
(200, 97.53086419753086, 26.058814764022827)
(201, 97.11934156378601, 25.848877906799316)
(202, 97.11934156378601, 26.132039785385132)
(203, 97.53086419753086, 26.102978944778442)
(204, 97.53086419753086, 26.090699434280396)
(205, 97.11934156378601, 23.221688747406006)
(206, 97.11934156378601, 21.28358030319214)
(207, 97.94238683127571, 15.369286060333252)
(208, 97.11934156378601, 26.721941709518433)
(209, 97.94238683127571, 26.732710361480713)
(210, 97.11934156378601, 26.910720348358154)
(211, 97.53086419753086, 27.168267250061035)
(212, 97.11934156378601, 16.473910808563232)
(213, 97.94238683127571, 22.999741077423096)
(214, 97.53086419753086, 18.913451194763184)
(215, 97.11934156378601, 27.494858264923096)
(216, 97.94238683127571, 14.357110023498535)
(217, 97.53086419753086, 15.271918773651123)
(218, 97.94238683127571, 15.82413911819458)
(219, 97.94238683127571, 20.568514823913574)
(220, 97.53086419753086, 24.436256885528564)
(221, 97.53086419753086, 27.36963200569153)
(222, 97.94238683127571, 18.068238258361816)
(223, 97.94238683127571, 15.92556118965149)
(224, 97.11934156378601, 14.254087448120117)
(225, 97.11934156378601, 14.124035835266113)
(226, 97.53086419753086, 13.93306589126587)
(227, 97.94238683127571, 13.76611042022705)
(228, 97.94238683127571, 13.701861143112183)
(229, 97.11934156378601, 14.046653270721436)
(230, 97.94238683127571, 14.019330978393555)
(231, 97.11934156378601, 14.116037368774414)
(232, 97.11934156378601, 14.45981240272522)
(233, 97.11934156378601, 14.207831382751465)
(234, 97.94238683127571, 14.2561776638031)
(235, 97.94238683127571, 14.188492059707642)
(236, 97.94238683127571, 14.271006345748901)
(237, 76.5432098765432, 28.63873052597046)
(238, 97.94238683127571, 28.454410314559937)
(239, 97.94238683127571, 28.934373378753662)
(240, 97.53086419753086, 28.966902017593384)
(241, 97.94238683127571, 29.047919988632202)
(242, 97.53086419753086, 29.218061923980713)
(243, 97.53086419753086, 29.240053415298462)
(244, 97.94238683127571, 28.83548641204834)
(245, 97.94238683127571, 29.263606071472168)
(246, 97.94238683127571, 29.606534957885742)
(247, 97.94238683127571, 29.874783277511597)
(248, 97.94238683127571, 29.93228578567505)
(249, 97.94238683127571, 29.173062562942505)
(250, 97.94238683127571, 29.797626972198486)
(251, 72.42798353909465, 30.13180112838745)
(252, 97.94238683127571, 23.302964687347412)
(253, 97.94238683127571, 14.708730220794678)
(254, 97.94238683127571, 14.952537775039673)
(255, 97.94238683127571, 15.092658519744873)
(256, 97.94238683127571, 14.94110894203186)
(257, 97.94238683127571, 15.084368467330933)
(258, 97.94238683127571, 15.21830940246582)
(259, 97.94238683127571, 14.748292684555054)
(260, 97.94238683127571, 15.372276544570923)
(261, 97.94238683127571, 15.197583675384521)
(262, 97.94238683127571, 15.589187145233154)
(263, 97.94238683127571, 15.400956153869629)
(264, 97.94238683127571, 15.29477334022522)
(265, 97.94238683127571, 15.693332433700562)
(266, 97.94238683127571, 15.356764554977417)
(267, 97.94238683127571, 15.60560655593872)
(268, 98.35390946502058, 15.088584661483765)
(269, 97.94238683127571, 15.706463813781738)
(270, 97.94238683127571, 15.559934139251709)
(271, 97.94238683127571, 15.807376861572266)
(272, 98.35390946502058, 15.600232601165771)
(273, 97.94238683127571, 15.79157280921936)
(274, 98.35390946502058, 15.411994218826294)
(275, 98.35390946502058, 15.531627893447876)
(276, 97.94238683127571, 16.137110471725464)
(277, 97.94238683127571, 15.99421215057373)
(278, 97.94238683127571, 16.216660261154175)
(279, 97.94238683127571, 16.054335117340088)
(280, 97.94238683127571, 16.190810680389404)
(281, 97.94238683127571, 16.489505529403687)
(282, 97.94238683127571, 16.593357801437378)
(283, 97.94238683127571, 16.50130009651184)
(284, 97.94238683127571, 16.467140436172485)
(285, 97.94238683127571, 16.30074715614319)
(286, 97.94238683127571, 16.483325481414795)
(287, 98.35390946502058, 16.04243278503418)
(288, 98.35390946502058, 16.008254051208496)
(289, 97.94238683127571, 16.661571264266968)
(290, 98.35390946502058, 16.699745893478394)
(291, 98.35390946502058, 16.799086809158325)
(292, 97.94238683127571, 16.77855134010315)
(293, 95.06172839506173, 17.182822704315186)
(294, 98.35390946502058, 16.708157539367676)
(295, 97.94238683127571, 17.075127363204956)
(296, 97.94238683127571, 17.036238193511963)
(297, 97.94238683127571, 17.200703859329224)
(298, 98.35390946502058, 16.717358350753784)
(299, 97.94238683127571, 17.29295802116394)
