Testes de variação de epocas de treino para a rede neural com a base de dados Hill.
Formato (Qt. epocas, Accuracy, Tempo de execução)
(0, 48.559670781893004, 0.09716916084289551)
(1, 48.559670781893004, 0.17739486694335938)
(2, 48.559670781893004, 0.2589445114135742)
(3, 48.559670781893004, 0.3377339839935303)
(4, 48.559670781893004, 0.43518519401550293)
(5, 48.559670781893004, 0.5097212791442871)
(6, 48.559670781893004, 0.5818109512329102)
(7, 48.559670781893004, 0.6679694652557373)
(8, 48.559670781893004, 0.7485220432281494)
(9, 48.559670781893004, 0.8463666439056396)
(10, 48.559670781893004, 0.9427821636199951)
(11, 48.559670781893004, 1.0478851795196533)
(12, 48.559670781893004, 1.0847253799438477)
(13, 48.559670781893004, 1.1405954360961914)
(14, 48.559670781893004, 1.2163865566253662)
(15, 41.56378600823045, 1.3063786029815674)
(16, 48.559670781893004, 1.377164602279663)
(17, 48.559670781893004, 1.4668774604797363)
(18, 44.44444444444444, 1.5450623035430908)
(19, 44.8559670781893, 1.6232094764709473)
(20, 48.559670781893004, 1.7034423351287842)
(21, 44.8559670781893, 1.832545280456543)
(22, 48.559670781893004, 1.9481415748596191)
(23, 45.267489711934154, 2.0261406898498535)
(24, 44.44444444444444, 2.146754026412964)
(25, 44.8559670781893, 2.172970771789551)
(26, 48.559670781893004, 2.2362656593322754)
(27, 48.559670781893004, 2.456537961959839)
(28, 48.559670781893004, 2.460209846496582)
(29, 48.559670781893004, 2.5379533767700195)
(30, 48.559670781893004, 2.6289684772491455)
(31, 48.559670781893004, 2.653040647506714)
(32, 48.559670781893004, 2.745682954788208)
(33, 45.267489711934154, 2.8609442710876465)
(34, 48.559670781893004, 3.008340835571289)
(35, 48.559670781893004, 3.009791135787964)
(36, 48.559670781893004, 3.1604578495025635)
(37, 48.559670781893004, 4.266631841659546)
(38, 48.559670781893004, 4.622883081436157)
(39, 48.559670781893004, 4.608417272567749)
(40, 48.559670781893004, 4.3955464363098145)
(41, 48.559670781893004, 3.9801416397094727)
(42, 48.559670781893004, 4.1545798778533936)
(43, 45.67901234567901, 4.1265130043029785)
(44, 48.559670781893004, 4.081395149230957)
(45, 48.559670781893004, 3.847245454788208)
(46, 48.559670781893004, 4.2146079540252686)
(47, 48.559670781893004, 4.332624912261963)
(48, 48.559670781893004, 4.246282577514648)
(49, 48.559670781893004, 4.221093416213989)
(50, 46.09053497942387, 4.201314210891724)
(51, 48.559670781893004, 4.229734420776367)
(52, 48.559670781893004, 4.264703750610352)
(53, 48.559670781893004, 4.370599269866943)
(54, 45.67901234567901, 4.364806652069092)
(55, 46.09053497942387, 4.4654762744903564)
(56, 48.559670781893004, 4.521493911743164)
(57, 48.559670781893004, 4.611586809158325)
(58, 48.559670781893004, 4.7449951171875)
(59, 48.559670781893004, 5.689888954162598)
(60, 48.559670781893004, 5.553565740585327)
(61, 46.09053497942387, 5.232643365859985)
(62, 46.50205761316872, 4.980705976486206)
(63, 48.559670781893004, 5.111393690109253)
(64, 48.559670781893004, 5.210717439651489)
(65, 46.913580246913575, 5.235357046127319)
(66, 48.559670781893004, 5.299257516860962)
(67, 48.559670781893004, 5.646677732467651)
(68, 47.73662551440329, 5.632479190826416)
(69, 47.325102880658434, 5.638624906539917)
(70, 47.73662551440329, 5.7294087409973145)
(71, 48.559670781893004, 5.798183441162109)
(72, 47.73662551440329, 5.787543296813965)
(73, 48.559670781893004, 5.921771049499512)
(74, 47.73662551440329, 6.007623195648193)
(75, 47.325102880658434, 6.000298976898193)
(76, 48.559670781893004, 6.073157072067261)
(77, 48.559670781893004, 6.146782636642456)
(78, 47.73662551440329, 6.2270472049713135)
(79, 48.559670781893004, 6.442898750305176)
(80, 48.559670781893004, 6.394108057022095)
(81, 48.559670781893004, 6.475165128707886)
(82, 48.559670781893004, 6.592597246170044)
(83, 47.73662551440329, 6.616941928863525)
(84, 48.559670781893004, 6.746586322784424)
(85, 48.559670781893004, 6.734540224075317)
(86, 47.73662551440329, 6.888714790344238)
(87, 48.559670781893004, 7.5058207511901855)
(88, 48.559670781893004, 9.158291578292847)
(89, 48.559670781893004, 8.924057245254517)
(90, 48.559670781893004, 8.536450386047363)
(91, 47.73662551440329, 8.573593378067017)
(92, 48.559670781893004, 8.441249132156372)
(93, 47.73662551440329, 8.471615076065063)
(94, 48.559670781893004, 7.8915088176727295)
(95, 48.559670781893004, 8.181101560592651)
(96, 48.559670781893004, 8.196757793426514)
(97, 48.559670781893004, 8.226593255996704)
(98, 48.559670781893004, 8.34403681755066)
(99, 48.559670781893004, 8.320233821868896)
(100, 48.559670781893004, 13.670582056045532)
(101, 47.73662551440329, 10.870459079742432)
(102, 48.559670781893004, 9.552502632141113)
(103, 48.559670781893004, 8.834032535552979)
(104, 48.559670781893004, 9.677572250366211)
(105, 47.73662551440329, 8.510743379592896)
(106, 48.559670781893004, 9.080086469650269)
(107, 48.559670781893004, 8.597387552261353)
(108, 47.73662551440329, 9.013346195220947)
(109, 48.559670781893004, 8.882874488830566)
(110, 47.73662551440329, 9.260546684265137)
(111, 13.580246913580247, 9.36744999885559)
(112, 47.73662551440329, 8.894869089126587)
(113, 48.559670781893004, 9.025377750396729)
(114, 47.73662551440329, 9.154449939727783)
(115, 48.559670781893004, 9.254187107086182)
(116, 47.73662551440329, 9.825182914733887)
(117, 47.73662551440329, 10.092347621917725)
(118, 48.559670781893004, 9.940343856811523)
(119, 47.73662551440329, 12.993727207183838)
(120, 48.559670781893004, 13.293208122253418)
(121, 48.559670781893004, 11.314023971557617)
(122, 48.559670781893004, 10.936189889907837)
(123, 48.559670781893004, 10.643023252487183)
(124, 47.73662551440329, 11.471832275390625)
(125, 47.73662551440329, 11.313754796981812)
(126, 47.73662551440329, 10.325908899307251)
(127, 47.73662551440329, 12.235971927642822)
(128, 48.559670781893004, 11.805198431015015)
(129, 47.73662551440329, 11.23321008682251)
(130, 48.559670781893004, 10.86594295501709)
(131, 47.73662551440329, 11.32611632347107)
(132, 47.73662551440329, 11.076140403747559)
(133, 48.559670781893004, 11.311110973358154)
(134, 28.39506172839506, 10.561048984527588)
(135, 47.73662551440329, 10.607148170471191)
(136, 47.73662551440329, 10.735897541046143)
(137, 47.73662551440329, 10.806785821914673)
(138, 47.73662551440329, 10.987333297729492)
(139, 47.73662551440329, 11.110914468765259)
(140, 47.73662551440329, 11.55307388305664)
(141, 47.73662551440329, 11.275557279586792)
(142, 47.73662551440329, 11.498808860778809)
(143, 47.73662551440329, 11.319599151611328)
(144, 48.559670781893004, 11.548715591430664)
(145, 47.73662551440329, 12.175857067108154)
(146, 47.73662551440329, 12.315675497055054)
(147, 47.73662551440329, 11.878824949264526)
(148, 48.559670781893004, 12.177905559539795)
(149, 47.73662551440329, 12.285545587539673)
(150, 47.73662551440329, 12.205522537231445)
(151, 47.73662551440329, 12.612950086593628)
(152, 48.559670781893004, 12.304566144943237)
(153, 23.045267489711936, 12.274885892868042)
(154, 47.73662551440329, 12.604359865188599)
(155, 48.559670781893004, 12.302516222000122)
(156, 47.73662551440329, 12.552747964859009)
(157, 48.559670781893004, 12.963481903076172)
(158, 47.73662551440329, 12.505204677581787)
(159, 47.73662551440329, 12.499951839447021)
(160, 48.559670781893004, 12.561410427093506)
(161, 34.5679012345679, 13.31196403503418)
(162, 47.73662551440329, 13.264156341552734)
(163, 47.73662551440329, 15.307066202163696)
(164, 47.73662551440329, 15.026806592941284)
(165, 47.73662551440329, 13.836914777755737)
(166, 47.73662551440329, 13.473849296569824)
(167, 47.73662551440329, 13.54431939125061)
(168, 47.73662551440329, 13.631794214248657)
(169, 47.73662551440329, 13.787800550460815)
(170, 27.160493827160494, 13.765665769577026)
(171, 26.337448559670783, 13.747692823410034)
(172, 47.73662551440329, 14.007580518722534)
(173, 47.73662551440329, 14.049703121185303)
(174, 47.73662551440329, 13.854206085205078)
(175, 47.73662551440329, 13.625060558319092)
(176, 47.73662551440329, 13.70740270614624)
(177, 47.73662551440329, 13.913528203964233)
(178, 47.73662551440329, 13.915550231933594)
(179, 47.73662551440329, 13.911652326583862)
(180, 47.73662551440329, 14.022098541259766)
(181, 47.73662551440329, 14.04521107673645)
(182, 47.73662551440329, 14.800407409667969)
(183, 34.5679012345679, 14.77839469909668)
(184, 47.73662551440329, 14.618932247161865)
(185, 47.73662551440329, 14.761723279953003)
(186, 47.73662551440329, 14.498950481414795)
(187, 47.73662551440329, 14.534181118011475)
(188, 47.73662551440329, 14.612622737884521)
(189, 27.160493827160494, 14.664113283157349)
(190, 47.73662551440329, 14.781541109085083)
(191, 47.73662551440329, 15.046677350997925)
(192, 48.559670781893004, 16.228236436843872)
(193, 47.73662551440329, 17.523910522460938)
(194, 47.73662551440329, 19.032073974609375)
(195, 48.559670781893004, 17.13372015953064)
(196, 47.73662551440329, 16.473349571228027)
(197, 48.559670781893004, 17.994297981262207)
(198, 47.73662551440329, 16.014886617660522)
(199, 47.73662551440329, 16.253424167633057)
(200, 47.73662551440329, 17.160093784332275)
(201, 47.73662551440329, 19.982177734375)
(202, 47.73662551440329, 21.002497673034668)
(203, 47.73662551440329, 30.486977577209473)
(204, 47.73662551440329, 28.74700689315796)
(205, 47.73662551440329, 20.584368467330933)
(206, 48.559670781893004, 24.352203130722046)
(207, 47.73662551440329, 28.414525985717773)
(208, 47.73662551440329, 26.735101222991943)
(209, 47.73662551440329, 29.2295401096344)
(210, 48.559670781893004, 38.1873664855957)
(211, 47.73662551440329, 31.992486476898193)
(212, 47.73662551440329, 37.305989265441895)
(213, 47.73662551440329, 37.63505578041077)
(214, 47.73662551440329, 30.471179485321045)
(215, 47.73662551440329, 20.50309705734253)
(216, 28.80658436213992, 20.322999715805054)
(217, 47.73662551440329, 20.66748571395874)
(218, 47.73662551440329, 21.366029262542725)
(219, 47.73662551440329, 20.994125366210938)
(220, 47.73662551440329, 21.03077530860901)
(221, 48.559670781893004, 21.75536060333252)
(222, 47.73662551440329, 22.592607259750366)
(223, 48.148148148148145, 23.979737758636475)
(224, 48.148148148148145, 25.54905652999878)
(225, 48.148148148148145, 24.296752214431763)
(226, 47.73662551440329, 23.50399422645569)
(227, 47.73662551440329, 25.480525255203247)
(228, 47.73662551440329, 33.413434743881226)
(229, 47.73662551440329, 39.81209588050842)
(230, 47.73662551440329, 40.838703632354736)
(231, 48.559670781893004, 37.643754720687866)
(232, 48.559670781893004, 26.86154007911682)
(233, 30.45267489711934, 37.58676767349243)
(234, 47.73662551440329, 36.64431595802307)
(235, 47.73662551440329, 25.03522276878357)
(236, 47.73662551440329, 25.556840181350708)
(237, 48.148148148148145, 33.42970013618469)
(238, 48.559670781893004, 44.912025690078735)
(239, 48.559670781893004, 42.90869688987732)
(240, 48.148148148148145, 41.603272438049316)
(241, 48.559670781893004, 26.109467267990112)
(242, 48.559670781893004, 26.304725885391235)
(243, 48.148148148148145, 35.078789949417114)
(244, 48.559670781893004, 45.46523332595825)
(245, 47.73662551440329, 27.89689064025879)
(246, 47.73662551440329, 38.26648163795471)
(247, 48.148148148148145, 27.35295557975769)
(248, 47.73662551440329, 41.49639534950256)
(249, 48.559670781893004, 45.212562799453735)
(250, 48.559670781893004, 48.5217649936676)
(251, 47.73662551440329, 44.790035247802734)
(252, 48.148148148148145, 33.433510065078735)
(253, 48.559670781893004, 28.76754665374756)
(254, 48.559670781893004, 43.03637337684631)
(255, 48.148148148148145, 45.04359674453735)
(256, 48.559670781893004, 45.503509283065796)
(257, 48.148148148148145, 46.01420736312866)
(258, 48.148148148148145, 46.39242458343506)
(259, 48.559670781893004, 46.24386787414551)
(260, 48.559670781893004, 46.119773864746094)
(261, 48.559670781893004, 46.85179567337036)
(262, 48.148148148148145, 45.39144730567932)
(263, 48.559670781893004, 46.41192150115967)
(264, 48.148148148148145, 47.126996994018555)
(265, 48.559670781893004, 47.654215574264526)
(266, 48.148148148148145, 47.4063446521759)
(267, 48.148148148148145, 30.641322374343872)
(268, 47.73662551440329, 29.21863079071045)
(269, 48.559670781893004, 40.66605734825134)
(270, 48.148148148148145, 48.78240442276001)
(271, 48.148148148148145, 48.95756220817566)
(272, 48.148148148148145, 45.9962944984436)
(273, 48.559670781893004, 32.13449788093567)
(274, 48.559670781893004, 29.00104832649231)
(275, 48.559670781893004, 48.197863817214966)
(276, 48.559670781893004, 45.38048529624939)
(277, 48.559670781893004, 30.893924236297607)
(278, 45.267489711934154, 49.25141644477844)
(279, 48.559670781893004, 48.84939098358154)
(280, 48.559670781893004, 48.59721398353577)
(281, 48.559670781893004, 48.77952814102173)
(282, 48.559670781893004, 34.510749101638794)
(283, 48.559670781893004, 25.358736276626587)
(284, 48.559670781893004, 25.458953380584717)
(285, 48.148148148148145, 25.45638608932495)
(286, 48.148148148148145, 25.38236689567566)
(287, 48.559670781893004, 25.603976249694824)
(288, 48.148148148148145, 25.524141311645508)
(289, 37.86008230452675, 25.716768741607666)
(290, 48.559670781893004, 25.807213306427002)
(291, 37.4485596707819, 26.10342836380005)
(292, 48.559670781893004, 25.910459995269775)
(293, 48.559670781893004, 25.973291635513306)
(294, 47.73662551440329, 26.288792371749878)
(295, 48.559670781893004, 26.358585834503174)
(296, 48.559670781893004, 26.13433337211609)
(297, 48.559670781893004, 26.34234929084778)
(298, 48.559670781893004, 26.367502450942993)
(299, 48.559670781893004, 26.633334398269653)
