Testes de variação de epocas de treino para a rede neural com a base de dados Hill.
Formato (Qt. epocas, Accuracy, Tempo de execução)
(0, 48.559670781893004, 0.19723033905029297)
(1, 48.559670781893004, 0.35640454292297363)
(2, 83.1275720164609, 0.5106818675994873)
(3, 81.89300411522635, 0.666449785232544)
(4, 48.559670781893004, 0.8349783420562744)
(5, 60.08230452674898, 1.030590295791626)
(6, 85.59670781893004, 1.1925063133239746)
(7, 85.59670781893004, 1.3662195205688477)
(8, 70.37037037037037, 1.519399881362915)
(9, 86.0082304526749, 1.6658475399017334)
(10, 76.95473251028807, 1.7917890548706055)
(11, 86.0082304526749, 1.9821369647979736)
(12, 79.83539094650206, 2.1873748302459717)
(13, 86.41975308641975, 2.2747671604156494)
(14, 81.48148148148148, 2.305863857269287)
(15, 86.0082304526749, 1.831374168395996)
(16, 87.65432098765432, 1.4428577423095703)
(17, 87.24279835390946, 1.5755832195281982)
(18, 87.24279835390946, 1.5419373512268066)
(19, 88.47736625514403, 1.600005865097046)
(20, 87.24279835390946, 1.6535491943359375)
(21, 90.12345679012346, 1.795166254043579)
(22, 90.12345679012346, 1.8586013317108154)
(23, 90.94650205761316, 1.8847861289978027)
(24, 91.35802469135803, 1.9300944805145264)
(25, 91.35802469135803, 2.0070536136627197)
(26, 90.53497942386831, 2.0995001792907715)
(27, 91.35802469135803, 2.262845993041992)
(28, 92.5925925925926, 2.216850757598877)
(29, 93.00411522633745, 2.2802441120147705)
(30, 91.76954732510289, 2.4608263969421387)
(31, 93.4156378600823, 2.6894898414611816)
(32, 93.00411522633745, 4.0454185009002686)
(33, 93.4156378600823, 2.88071346282959)
(34, 93.00411522633745, 3.553433656692505)
(35, 92.5925925925926, 5.023783445358276)
(36, 90.53497942386831, 5.153661251068115)
(37, 93.4156378600823, 5.298256874084473)
(38, 93.00411522633745, 5.4448957443237305)
(39, 93.4156378600823, 5.49981951713562)
(40, 92.18106995884774, 5.660260438919067)
(41, 93.4156378600823, 5.871208429336548)
(42, 91.35802469135803, 6.017830848693848)
(43, 93.82716049382715, 5.95647668838501)
(44, 92.18106995884774, 6.247154951095581)
(45, 92.18106995884774, 6.3995161056518555)
(46, 93.00411522633745, 6.413875102996826)
(47, 93.82716049382715, 4.597307205200195)
(48, 92.18106995884774, 4.8608078956604)
(49, 93.82716049382715, 4.240842819213867)
(50, 93.82716049382715, 6.979028701782227)
(51, 92.18106995884774, 4.211966514587402)
(52, 91.35802469135803, 7.123450040817261)
(53, 92.18106995884774, 7.559749126434326)
(54, 93.00411522633745, 7.58617901802063)
(55, 92.18106995884774, 7.7059385776519775)
(56, 92.5925925925926, 7.78134298324585)
(57, 93.82716049382715, 7.99372410774231)
(58, 93.4156378600823, 8.285419702529907)
(59, 94.23868312757202, 6.284191370010376)
(60, 93.82716049382715, 5.9060893058776855)
(61, 92.18106995884774, 5.750413417816162)
(62, 91.76954732510289, 5.688141345977783)
(63, 93.82716049382715, 5.996525764465332)
(64, 92.5925925925926, 8.830140590667725)
(65, 92.5925925925926, 8.954261064529419)
(66, 94.65020576131687, 9.077113628387451)
(67, 94.65020576131687, 9.13498067855835)
(68, 94.23868312757202, 9.300754070281982)
(69, 93.00411522633745, 9.409736156463623)
(70, 94.65020576131687, 9.70376968383789)
(71, 94.23868312757202, 9.648855209350586)
(72, 94.23868312757202, 9.963702917098999)
(73, 93.82716049382715, 9.891480684280396)
(74, 94.65020576131687, 7.780188083648682)
(75, 93.00411522633745, 5.5475099086761475)
(76, 93.00411522633745, 5.564814329147339)
(77, 93.00411522633745, 5.653802394866943)
(78, 94.65020576131687, 5.660146713256836)
(79, 94.65020576131687, 8.639458894729614)
(80, 94.65020576131687, 10.663442134857178)
(81, 94.65020576131687, 10.861819982528687)
(82, 93.4156378600823, 10.947008848190308)
(83, 94.65020576131687, 11.113033771514893)
(84, 93.82716049382715, 11.358386278152466)
(85, 95.06172839506173, 11.400424242019653)
(86, 93.4156378600823, 11.58510708808899)
(87, 92.5925925925926, 11.332916498184204)
(88, 93.82716049382715, 11.835299491882324)
(89, 93.00411522633745, 11.577259540557861)
(90, 95.06172839506173, 11.872777938842773)
(91, 93.00411522633745, 11.94238805770874)
(92, 92.18106995884774, 12.122883558273315)
(93, 95.06172839506173, 12.506494045257568)
(94, 95.06172839506173, 12.582669973373413)
(95, 93.00411522633745, 12.635096073150635)
(96, 95.06172839506173, 12.977564096450806)
(97, 95.06172839506173, 13.054365396499634)
(98, 95.06172839506173, 13.056385517120361)
(99, 93.00411522633745, 13.1494140625)
(100, 95.06172839506173, 13.587111711502075)
(101, 95.47325102880659, 13.539695739746094)
(102, 95.47325102880659, 13.849928379058838)
(103, 95.06172839506173, 12.470421314239502)
(104, 93.00411522633745, 13.206296682357788)
(105, 95.06172839506173, 11.90357518196106)
(106, 95.06172839506173, 9.012398481369019)
(107, 95.47325102880659, 9.629390954971313)
(108, 93.00411522633745, 14.6239914894104)
(109, 95.47325102880659, 9.286229133605957)
(110, 95.47325102880659, 8.269560813903809)
(111, 95.06172839506173, 8.64865756034851)
(112, 95.47325102880659, 9.225852012634277)
(113, 95.47325102880659, 9.869248390197754)
(114, 95.88477366255144, 11.589600563049316)
(115, 95.47325102880659, 12.075139999389648)
(116, 95.06172839506173, 12.379182577133179)
(117, 95.88477366255144, 15.929916143417358)
(118, 95.88477366255144, 15.732769250869751)
(119, 95.47325102880659, 13.930132627487183)
(120, 95.47325102880659, 11.934471130371094)
(121, 95.47325102880659, 11.804460525512695)
(122, 95.88477366255144, 11.163372039794922)
(123, 95.47325102880659, 10.621330499649048)
(124, 95.06172839506173, 10.01073670387268)
(125, 95.88477366255144, 15.76132082939148)
(126, 95.88477366255144, 16.86993718147278)
(127, 95.06172839506173, 16.56947922706604)
(128, 96.70781893004116, 17.03262686729431)
(129, 95.47325102880659, 17.300316333770752)
(130, 96.29629629629629, 15.745241165161133)
(131, 95.88477366255144, 16.114428520202637)
(132, 96.70781893004116, 10.114969730377197)
(133, 95.88477366255144, 12.098276853561401)
(134, 97.11934156378601, 17.612886428833008)
(135, 93.00411522633745, 17.420331954956055)
(136, 95.88477366255144, 18.250135898590088)
(137, 96.29629629629629, 17.78742241859436)
(138, 95.88477366255144, 15.354357242584229)
(139, 96.29629629629629, 18.438852548599243)
(140, 95.88477366255144, 18.867958545684814)
(141, 97.11934156378601, 18.96122646331787)
(142, 95.88477366255144, 19.019890785217285)
(143, 95.88477366255144, 19.325008630752563)
(144, 95.06172839506173, 19.106552124023438)
(145, 95.88477366255144, 15.538794994354248)
(146, 96.70781893004116, 18.176227807998657)
(147, 97.11934156378601, 19.614223957061768)
(148, 97.11934156378601, 12.034791231155396)
(149, 96.29629629629629, 14.021269083023071)
(150, 96.29629629629629, 19.701852321624756)
(151, 96.29629629629629, 20.61467719078064)
(152, 96.29629629629629, 20.624759197235107)
(153, 96.29629629629629, 14.609596014022827)
(154, 95.06172839506173, 11.488298892974854)
(155, 96.70781893004116, 11.619703531265259)
(156, 96.70781893004116, 11.772449970245361)
(157, 97.11934156378601, 14.788713455200195)
(158, 97.11934156378601, 21.228020429611206)
(159, 97.11934156378601, 24.16163730621338)
(160, 97.53086419753086, 20.958121299743652)
(161, 97.11934156378601, 20.689116716384888)
(162, 96.29629629629629, 21.826230764389038)
(163, 97.11934156378601, 12.525229454040527)
(164, 96.70781893004116, 19.516743659973145)
(165, 96.70781893004116, 21.807258129119873)
(166, 96.70781893004116, 21.40959334373474)
(167, 95.88477366255144, 21.737019062042236)
(168, 97.11934156378601, 21.814175367355347)
(169, 97.11934156378601, 21.676780462265015)
(170, 96.70781893004116, 21.960782527923584)
(171, 96.29629629629629, 22.07794976234436)
(172, 95.47325102880659, 22.50737500190735)
(173, 97.11934156378601, 18.0195894241333)
(174, 96.70781893004116, 14.455394268035889)
(175, 97.11934156378601, 13.495680093765259)
(176, 96.70781893004116, 15.844257354736328)
(177, 97.11934156378601, 22.976292610168457)
(178, 97.11934156378601, 23.269458293914795)
(179, 96.29629629629629, 22.340259790420532)
(180, 97.11934156378601, 14.576557874679565)
(181, 97.94238683127571, 13.74038815498352)
(182, 97.53086419753086, 20.683568239212036)
(183, 97.11934156378601, 17.0769522190094)
(184, 96.29629629629629, 23.97860813140869)
(185, 97.11934156378601, 24.016106843948364)
(186, 96.29629629629629, 16.772610664367676)
(187, 96.70781893004116, 14.450602293014526)
(188, 97.11934156378601, 15.408199071884155)
(189, 97.11934156378601, 12.85733413696289)
(190, 97.11934156378601, 13.48717737197876)
(191, 97.11934156378601, 14.809339046478271)
(192, 97.11934156378601, 14.147471189498901)
(193, 97.53086419753086, 14.357829332351685)
(194, 97.11934156378601, 13.974716901779175)
(195, 97.11934156378601, 13.007750511169434)
(196, 96.70781893004116, 13.224473714828491)
(197, 96.70781893004116, 12.854247808456421)
(198, 96.70781893004116, 13.086502075195312)
(199, 96.70781893004116, 14.910890579223633)
(200, 97.11934156378601, 24.66098642349243)
(201, 97.11934156378601, 26.49135684967041)
(202, 97.11934156378601, 26.708279609680176)
(203, 97.94238683127571, 26.42823886871338)
(204, 97.11934156378601, 15.134300470352173)
(205, 95.47325102880659, 14.113607168197632)
(206, 97.11934156378601, 15.263305425643921)
(207, 97.11934156378601, 19.059139728546143)
(208, 96.70781893004116, 16.285382747650146)
(209, 97.11934156378601, 14.5097975730896)
(210, 97.11934156378601, 15.845333099365234)
(211, 97.11934156378601, 26.12508988380432)
(212, 96.29629629629629, 26.807883739471436)
(213, 95.88477366255144, 26.181368112564087)
(214, 96.70781893004116, 20.227445125579834)
(215, 97.11934156378601, 27.0281925201416)
(216, 97.11934156378601, 27.836809396743774)
(217, 97.11934156378601, 28.057082653045654)
(218, 96.29629629629629, 29.080225944519043)
(219, 97.11934156378601, 27.748709201812744)
(220, 97.11934156378601, 27.743318796157837)
(221, 97.11934156378601, 27.500718593597412)
(222, 97.53086419753086, 27.46462893486023)
(223, 97.53086419753086, 27.483965158462524)
(224, 98.35390946502058, 26.645172834396362)
(225, 96.70781893004116, 27.746755838394165)
(226, 97.11934156378601, 27.723047971725464)
(227, 97.11934156378601, 27.816248893737793)
(228, 95.88477366255144, 27.211463928222656)
(229, 97.11934156378601, 27.754270315170288)
(230, 98.35390946502058, 26.864088773727417)
(231, 97.11934156378601, 28.061524152755737)
(232, 97.53086419753086, 27.07028603553772)
(233, 97.11934156378601, 28.060765743255615)
(234, 97.94238683127571, 27.72079610824585)
(235, 95.88477366255144, 27.797131538391113)
(236, 97.11934156378601, 28.354328155517578)
(237, 97.11934156378601, 28.574520349502563)
(238, 96.70781893004116, 28.705496788024902)
(239, 97.11934156378601, 28.302643537521362)
(240, 96.70781893004116, 28.880778312683105)
(241, 97.11934156378601, 28.563987970352173)
(242, 96.70781893004116, 27.643207788467407)
(243, 97.11934156378601, 14.655038356781006)
(244, 97.11934156378601, 14.495859622955322)
(245, 96.70781893004116, 14.677656173706055)
(246, 97.53086419753086, 14.871085405349731)
(247, 97.11934156378601, 15.239831924438477)
(248, 97.94238683127571, 14.83488130569458)
(249, 71.19341563786008, 14.96812915802002)
(250, 97.11934156378601, 15.00088882446289)
(251, 97.94238683127571, 14.995840072631836)
(252, 97.94238683127571, 15.262015581130981)
(253, 97.11934156378601, 15.05700397491455)
(254, 72.0164609053498, 15.142021894454956)
(255, 97.94238683127571, 15.232580661773682)
(256, 97.94238683127571, 15.336368560791016)
(257, 97.94238683127571, 15.089390277862549)
(258, 97.94238683127571, 15.457813501358032)
(259, 97.94238683127571, 15.409433841705322)
(260, 97.94238683127571, 15.439749240875244)
(261, 98.35390946502058, 14.96386194229126)
(262, 97.53086419753086, 15.602916955947876)
(263, 97.94238683127571, 15.71071171760559)
(264, 97.94238683127571, 15.810180425643921)
(265, 97.94238683127571, 15.529204368591309)
(266, 97.94238683127571, 15.628413200378418)
(267, 97.94238683127571, 15.744024991989136)
(268, 97.94238683127571, 15.759418487548828)
(269, 97.94238683127571, 15.730196475982666)
(270, 97.94238683127571, 16.00190043449402)
(271, 97.94238683127571, 15.932811737060547)
(272, 97.53086419753086, 15.802971124649048)
(273, 97.94238683127571, 16.028480529785156)
(274, 97.94238683127571, 16.030433416366577)
(275, 82.71604938271605, 16.585618019104004)
(276, 97.11934156378601, 16.37837028503418)
(277, 97.94238683127571, 16.192432403564453)
(278, 97.11934156378601, 16.489970207214355)
(279, 97.94238683127571, 16.30026412010193)
(280, 97.94238683127571, 16.273294687271118)
(281, 97.94238683127571, 16.400401830673218)
(282, 97.94238683127571, 16.709479570388794)
(283, 97.53086419753086, 16.535831928253174)
(284, 98.35390946502058, 16.394618272781372)
(285, 97.94238683127571, 16.544301986694336)
(286, 97.94238683127571, 16.799715280532837)
(287, 98.35390946502058, 16.740394830703735)
(288, 97.94238683127571, 17.064950466156006)
(289, 97.94238683127571, 16.760589361190796)
(290, 98.35390946502058, 17.14064121246338)
(291, 97.53086419753086, 15.926082372665405)
(292, 98.35390946502058, 17.342180967330933)
(293, 97.94238683127571, 16.52790403366089)
(294, 97.94238683127571, 15.655055046081543)
(295, 98.35390946502058, 15.699212074279785)
(296, 97.53086419753086, 15.823253631591797)
(297, 98.35390946502058, 15.279478311538696)
(298, 98.35390946502058, 16.126247882843018)
(299, 98.35390946502058, 17.545374870300293)
