Testes de variação de epocas de treino para a rede neural com a base de dados Hill.
Formato (Qt. epocas, Accuracy, Tempo de execução)
(0, 33.33333333333333, 0.001516580581665039)
(1, 40.0, 0.002828836441040039)
(2, 33.33333333333333, 0.00404810905456543)
(3, 66.66666666666666, 0.005510807037353516)
(4, 66.66666666666666, 0.0066394805908203125)
(5, 33.33333333333333, 0.008123636245727539)
(6, 33.33333333333333, 0.009078025817871094)
(7, 40.0, 0.010329246520996094)
(8, 33.33333333333333, 0.011966943740844727)
(9, 66.66666666666666, 0.013212919235229492)
(10, 33.33333333333333, 0.01471400260925293)
(11, 33.33333333333333, 0.015397310256958008)
(12, 46.666666666666664, 0.016724109649658203)
(13, 33.33333333333333, 0.01872086524963379)
(14, 33.33333333333333, 0.020505428314208984)
(15, 33.33333333333333, 0.021131277084350586)
(16, 66.66666666666666, 0.022042512893676758)
(17, 33.33333333333333, 0.023204565048217773)
(18, 33.33333333333333, 0.024875164031982422)
(19, 66.66666666666666, 0.026931285858154297)
(20, 33.33333333333333, 0.027140378952026367)
(21, 33.33333333333333, 0.02867579460144043)
(22, 40.0, 0.029694795608520508)
(23, 66.66666666666666, 0.030844688415527344)
(24, 33.33333333333333, 0.03229379653930664)
(25, 33.33333333333333, 0.03421807289123535)
(26, 33.33333333333333, 0.03552365303039551)
(27, 33.33333333333333, 0.0365138053894043)
(28, 33.33333333333333, 0.039174795150756836)
(29, 40.0, 0.03865838050842285)
(30, 33.33333333333333, 0.040483951568603516)
(31, 66.66666666666666, 0.04176759719848633)
(32, 33.33333333333333, 0.04282236099243164)
(33, 66.66666666666666, 0.04350996017456055)
(34, 33.33333333333333, 0.045114755630493164)
(35, 33.33333333333333, 0.046427249908447266)
(36, 33.33333333333333, 0.0477294921875)
(37, 66.66666666666666, 0.04948902130126953)
(38, 40.0, 0.05006074905395508)
(39, 33.33333333333333, 0.05177879333496094)
(40, 33.33333333333333, 0.0543520450592041)
(41, 6.666666666666667, 0.05460548400878906)
(42, 33.33333333333333, 0.05522942543029785)
(43, 33.33333333333333, 0.058064937591552734)
(44, 33.33333333333333, 0.05877065658569336)
(45, 33.33333333333333, 0.05907320976257324)
(46, 33.33333333333333, 0.061248779296875)
(47, 33.33333333333333, 0.06294941902160645)
(48, 33.33333333333333, 0.06314325332641602)
(49, 33.33333333333333, 0.07470059394836426)
(50, 33.33333333333333, 0.06489133834838867)
(51, 40.0, 0.0666196346282959)
(52, 33.33333333333333, 0.06755948066711426)
(53, 33.33333333333333, 0.07154369354248047)
(54, 33.33333333333333, 0.0743873119354248)
(55, 33.33333333333333, 0.07508611679077148)
(56, 33.33333333333333, 0.07666754722595215)
(57, 33.33333333333333, 0.07553291320800781)
(58, 33.33333333333333, 0.07574677467346191)
(59, 40.0, 0.07552552223205566)
(60, 33.33333333333333, 0.07824063301086426)
(61, 33.33333333333333, 0.08136463165283203)
(62, 33.33333333333333, 0.08295464515686035)
(63, 33.33333333333333, 0.08061695098876953)
(64, 33.33333333333333, 0.08208656311035156)
(65, 33.33333333333333, 0.08311963081359863)
(66, 33.33333333333333, 0.08545279502868652)
(67, 33.33333333333333, 0.08684992790222168)
(68, 33.33333333333333, 0.09145212173461914)
(69, 33.33333333333333, 0.08912062644958496)
(70, 33.33333333333333, 0.09065508842468262)
(71, 33.33333333333333, 0.09158158302307129)
(72, 33.33333333333333, 0.09372067451477051)
(73, 33.33333333333333, 0.09663152694702148)
(74, 33.33333333333333, 0.0974111557006836)
(75, 33.33333333333333, 0.09731817245483398)
(76, 33.33333333333333, 0.09824442863464355)
(77, 33.33333333333333, 0.09920907020568848)
(78, 33.33333333333333, 0.10466337203979492)
(79, 33.33333333333333, 0.10157918930053711)
(80, 33.33333333333333, 0.10360336303710938)
(81, 33.33333333333333, 0.10469532012939453)
(82, 33.33333333333333, 0.10806798934936523)
(83, 33.33333333333333, 0.10957193374633789)
(84, 33.33333333333333, 0.10765647888183594)
(85, 33.33333333333333, 0.11086225509643555)
(86, 33.33333333333333, 0.11162900924682617)
(87, 33.33333333333333, 0.11289000511169434)
(88, 33.33333333333333, 0.11531996726989746)
(89, 33.33333333333333, 0.11433696746826172)
(90, 33.33333333333333, 0.12543916702270508)
(91, 33.33333333333333, 0.11937212944030762)
(92, 33.33333333333333, 0.12424111366271973)
(93, 33.33333333333333, 0.11923670768737793)
(94, 33.33333333333333, 0.13695430755615234)
(95, 33.33333333333333, 0.12680673599243164)
(96, 33.33333333333333, 0.13362646102905273)
(97, 33.33333333333333, 0.1272280216217041)
(98, 33.33333333333333, 0.13561797142028809)
(99, 33.33333333333333, 0.14134526252746582)
(100, 33.33333333333333, 0.14330744743347168)
(101, 33.33333333333333, 0.13884902000427246)
(102, 33.33333333333333, 0.13965320587158203)
(103, 33.33333333333333, 0.1411895751953125)
(104, 33.33333333333333, 0.13827276229858398)
(105, 33.33333333333333, 0.139542818069458)
(106, 33.33333333333333, 0.14270329475402832)
(107, 33.33333333333333, 0.14419317245483398)
(108, 33.33333333333333, 0.14509797096252441)
(109, 33.33333333333333, 0.15254783630371094)
(110, 33.33333333333333, 0.14612793922424316)
(111, 33.33333333333333, 0.14819097518920898)
(112, 33.33333333333333, 0.14640498161315918)
(113, 33.33333333333333, 0.15612339973449707)
(114, 33.33333333333333, 0.150252103805542)
(115, 33.33333333333333, 0.15468263626098633)
(116, 33.33333333333333, 0.15424323081970215)
(117, 33.33333333333333, 0.16594219207763672)
(118, 33.33333333333333, 0.16384363174438477)
(119, 33.33333333333333, 0.1673891544342041)
(120, 33.33333333333333, 0.16210222244262695)
(121, 33.33333333333333, 0.15970778465270996)
(122, 33.33333333333333, 0.16841864585876465)
(123, 33.33333333333333, 0.16647982597351074)
(124, 33.33333333333333, 0.1603376865386963)
(125, 33.33333333333333, 0.16661310195922852)
(126, 33.33333333333333, 0.1713721752166748)
(127, 33.33333333333333, 0.1658942699432373)
(128, 33.33333333333333, 0.17969799041748047)
(129, 33.33333333333333, 0.17994141578674316)
(130, 33.33333333333333, 0.1813185214996338)
(131, 33.33333333333333, 0.17208504676818848)
(132, 33.33333333333333, 0.17541289329528809)
(133, 33.33333333333333, 0.1772017478942871)
(134, 33.33333333333333, 0.17460107803344727)
(135, 33.33333333333333, 0.1879255771636963)
(136, 33.33333333333333, 0.19997048377990723)
(137, 33.33333333333333, 0.18062615394592285)
(138, 33.33333333333333, 0.1851973533630371)
(139, 33.33333333333333, 0.19209694862365723)
(140, 33.33333333333333, 0.6053330898284912)
(141, 33.33333333333333, 0.18570876121520996)
(142, 33.33333333333333, 0.18887591361999512)
(143, 33.33333333333333, 0.19518303871154785)
(144, 33.33333333333333, 0.20414471626281738)
(145, 33.33333333333333, 0.20014691352844238)
(146, 33.33333333333333, 0.19378352165222168)
(147, 33.33333333333333, 0.19396400451660156)
(148, 33.33333333333333, 0.2195115089416504)
(149, 33.33333333333333, 0.22512555122375488)
(150, 33.33333333333333, 0.19875645637512207)
(151, 33.33333333333333, 0.19519352912902832)
(152, 33.33333333333333, 0.2118527889251709)
(153, 33.33333333333333, 0.22197651863098145)
(154, 33.33333333333333, 0.22638344764709473)
(155, 33.33333333333333, 0.2130722999572754)
(156, 33.33333333333333, 0.20851755142211914)
(157, 33.33333333333333, 0.2054886817932129)
(158, 33.33333333333333, 0.2085578441619873)
(159, 33.33333333333333, 0.21700525283813477)
(160, 33.33333333333333, 0.2120833396911621)
(161, 33.33333333333333, 0.21019744873046875)
(162, 33.33333333333333, 0.20746183395385742)
(163, 33.33333333333333, 0.21355819702148438)
(164, 33.33333333333333, 0.22022795677185059)
(165, 33.33333333333333, 0.22826647758483887)
(166, 33.33333333333333, 0.22586655616760254)
(167, 33.33333333333333, 0.21381473541259766)
(168, 33.33333333333333, 0.22385931015014648)
(169, 33.33333333333333, 0.2233719825744629)
(170, 33.33333333333333, 0.25421905517578125)
(171, 33.33333333333333, 0.25287890434265137)
(172, 33.33333333333333, 0.2354106903076172)
(173, 33.33333333333333, 0.23012638092041016)
(174, 33.33333333333333, 0.22672653198242188)
(175, 33.33333333333333, 0.22496533393859863)
(176, 33.33333333333333, 0.2288501262664795)
(177, 33.33333333333333, 0.27284908294677734)
(178, 33.33333333333333, 0.25198793411254883)
(179, 33.33333333333333, 0.23874330520629883)
(180, 33.33333333333333, 0.23321247100830078)
(181, 33.33333333333333, 0.23623180389404297)
(182, 33.33333333333333, 0.23662090301513672)
(183, 33.33333333333333, 0.2390894889831543)
(184, 33.33333333333333, 0.23689723014831543)
(185, 33.33333333333333, 0.23765873908996582)
(186, 33.33333333333333, 0.23902273178100586)
(187, 33.33333333333333, 0.24342060089111328)
(188, 33.33333333333333, 0.23996663093566895)
(189, 33.33333333333333, 0.2466716766357422)
(190, 33.33333333333333, 0.24328017234802246)
(191, 33.33333333333333, 0.24572515487670898)
(192, 33.33333333333333, 0.2463991641998291)
(193, 33.33333333333333, 0.24952387809753418)
(194, 33.33333333333333, 0.24944639205932617)
(195, 33.33333333333333, 0.2553894519805908)
(196, 33.33333333333333, 0.252988338470459)
(197, 33.33333333333333, 0.2582249641418457)
(198, 33.33333333333333, 0.25205564498901367)
(199, 33.33333333333333, 0.26231884956359863)
(200, 33.33333333333333, 0.25853562355041504)
(201, 33.33333333333333, 0.2646639347076416)
(202, 33.33333333333333, 0.25953125953674316)
(203, 33.33333333333333, 0.2642827033996582)
(204, 33.33333333333333, 0.2654240131378174)
(205, 33.33333333333333, 0.26368236541748047)
(206, 33.33333333333333, 0.26579856872558594)
(207, 33.33333333333333, 0.26677846908569336)
(208, 33.33333333333333, 0.26677751541137695)
(209, 33.33333333333333, 0.26726198196411133)
(210, 33.33333333333333, 0.27327656745910645)
(211, 33.33333333333333, 0.2729361057281494)
(212, 33.33333333333333, 0.2745401859283447)
(213, 33.33333333333333, 0.28572511672973633)
(214, 33.33333333333333, 0.27567410469055176)
(215, 33.33333333333333, 0.2908151149749756)
(216, 33.33333333333333, 0.282881498336792)
(217, 33.33333333333333, 0.2782161235809326)
(218, 33.33333333333333, 0.2835054397583008)
(219, 33.33333333333333, 0.28325343132019043)
(220, 33.33333333333333, 0.27950501441955566)
(221, 33.33333333333333, 0.283581018447876)
(222, 33.33333333333333, 0.2870826721191406)
(223, 33.33333333333333, 0.289531946182251)
(224, 33.33333333333333, 0.2889974117279053)
(225, 33.33333333333333, 0.288588285446167)
(226, 33.33333333333333, 0.29523634910583496)
(227, 33.33333333333333, 0.28959107398986816)
(228, 33.33333333333333, 0.29521775245666504)
(229, 33.33333333333333, 0.29641103744506836)
(230, 33.33333333333333, 0.2955620288848877)
(231, 33.33333333333333, 0.29707765579223633)
(232, 33.33333333333333, 0.2949986457824707)
(233, 33.33333333333333, 0.2990865707397461)
(234, 33.33333333333333, 0.3012368679046631)
(235, 33.33333333333333, 0.3005068302154541)
(236, 33.33333333333333, 0.3035123348236084)
(237, 33.33333333333333, 0.3026907444000244)
(238, 33.33333333333333, 0.3097546100616455)
(239, 33.33333333333333, 0.3061339855194092)
(240, 33.33333333333333, 0.307633638381958)
(241, 33.33333333333333, 0.3116738796234131)
(242, 33.33333333333333, 0.3123049736022949)
(243, 33.33333333333333, 0.3138446807861328)
(244, 33.33333333333333, 0.3134164810180664)
(245, 33.33333333333333, 0.3129005432128906)
(246, 33.33333333333333, 0.31692004203796387)
(247, 33.33333333333333, 0.31640148162841797)
(248, 33.33333333333333, 0.31736278533935547)
(249, 33.33333333333333, 0.3226029872894287)
(250, 33.33333333333333, 0.3215348720550537)
(251, 33.33333333333333, 0.3209953308105469)
(252, 33.33333333333333, 0.32366204261779785)
(253, 33.33333333333333, 0.3265838623046875)
(254, 33.33333333333333, 0.3284785747528076)
(255, 33.33333333333333, 0.32841038703918457)
(256, 33.33333333333333, 0.32764387130737305)
(257, 33.33333333333333, 0.32963061332702637)
(258, 33.33333333333333, 0.3333125114440918)
(259, 33.33333333333333, 0.3295435905456543)
(260, 33.33333333333333, 0.3337593078613281)
(261, 33.33333333333333, 0.3373451232910156)
(262, 33.33333333333333, 0.33347344398498535)
(263, 33.33333333333333, 0.3426506519317627)
(264, 33.33333333333333, 0.33794450759887695)
(265, 33.33333333333333, 0.34426259994506836)
(266, 33.33333333333333, 0.3434171676635742)
(267, 33.33333333333333, 0.3431713581085205)
(268, 33.33333333333333, 0.34290122985839844)
(269, 33.33333333333333, 0.344074010848999)
(270, 33.33333333333333, 0.35737133026123047)
(271, 33.33333333333333, 0.3517181873321533)
(272, 33.33333333333333, 0.34975624084472656)
(273, 33.33333333333333, 0.35094285011291504)
(274, 33.33333333333333, 0.35280489921569824)
(275, 33.33333333333333, 0.34680986404418945)
(276, 33.33333333333333, 0.3510277271270752)
(277, 33.33333333333333, 0.3556647300720215)
(278, 33.33333333333333, 0.3565254211425781)
(279, 33.33333333333333, 0.3567814826965332)
(280, 33.33333333333333, 0.35650086402893066)
(281, 33.33333333333333, 0.3577432632446289)
(282, 33.33333333333333, 0.3625161647796631)
(283, 33.33333333333333, 0.3637821674346924)
(284, 33.33333333333333, 0.3625600337982178)
(285, 33.33333333333333, 0.3626406192779541)
(286, 33.33333333333333, 0.3636898994445801)
(287, 33.33333333333333, 0.3634681701660156)
(288, 33.33333333333333, 0.3664114475250244)
(289, 33.33333333333333, 0.3709547519683838)
(290, 33.33333333333333, 0.37464046478271484)
(291, 33.33333333333333, 0.36980199813842773)
(292, 33.33333333333333, 0.37281346321105957)
(293, 33.33333333333333, 0.37389445304870605)
(294, 33.33333333333333, 0.376389741897583)
(295, 33.33333333333333, 0.37870144844055176)
(296, 33.33333333333333, 0.3805980682373047)
(297, 33.33333333333333, 0.37857985496520996)
(298, 33.33333333333333, 0.3773629665374756)
(299, 33.33333333333333, 0.3805372714996338)
